"110年05月18日 價格指數(臺灣證券交易所)"
"指數","收盤指數","漲跌(+/-)","漲跌點數","漲跌百分比(%)","特殊處理註記",
"寶島股價指數","18,321.09","+","887.14","5.09","",
"發行量加權股價指數","16,145.98","+","792.09","5.16","",
"臺灣公司治理100指數","9,609.29","+","432.45","4.71","",
"臺灣50指數","13,167.75","+","608.10","4.84","",
"臺灣50權重上限30%指數","12,443.59","+","605.70","5.12","",
"臺灣中型100指數","12,077.29","+","710.71","6.25","",
"臺灣資訊科技指數","22,620.20","+","1,099.35","5.11","",
"臺灣發達指數","10,712.28","+","499.90","4.90","",
"臺灣高股息指數","7,857.19","+","294.80","3.90","",
"臺灣就業99指數","9,314.93","+","545.66","6.22","",
"臺灣高薪100指數","8,435.21","+","470.44","5.91","",
"未含金融指數","14,113.83","+","689.26","5.13","",
"未含電子指數","17,685.38","+","918.34","5.48","",
"未含金融電子指數","15,127.39","+","792.01","5.52","",
"小型股300指數","8,172.24","+","449.48","5.82","",
"水泥窯製類指數","763.01","+","36.90","5.08","",
"塑膠化工類指數","920.57","+","39.51","4.48","",
"機電類指數","4,353.19","+","207.82","5.01","",
"水泥類指數","196.65","+","8.06","4.27","",
"食品類指數","1,924.16","+","42.78","2.27","",
"塑膠類指數","276.56","+","12.06","4.56","",
"紡織纖維類指數","650.25","+","40.18","6.59","",
"電機機械類指數","235.43","+","13.19","5.94","",
"電器電纜類指數","73.35","+","5.79","8.57","",
"化學生技醫療類指數","108.56","+","3.74","3.57","",
"化學類指數","117.36","+","5.11","4.55","",
"生技醫療類指數","69.02","+","1.71","2.54","",
"玻璃陶瓷類指數","69.62","+","6.11","9.62","",
"造紙類指數","388.49","+","30.24","8.44","",
"鋼鐵類指數","160.73","+","14.35","9.80","",
"橡膠類指數","329.23","+","17.49","5.61","",
"汽車類指數","311.22","+","15.55","5.26","",
"電子工業類指數","781.11","+","37.01","4.97","",
"半導體類指數","390.68","+","19.00","5.11","",
"電腦及週邊設備類指數","135.22","+","4.80","3.68","",
"光電類指數","42.73","+","2.52","6.27","",
"通信網路類指數","126.86","+","2.73","2.20","",
"電子零組件類指數","157.60","+","7.02","4.66","",
"電子通路類指數","159.52","+","7.13","4.68","",
"資訊服務類指數","127.48","+","3.15","2.53","",
"其他電子類指數","98.45","+","6.73","7.34","",
"建材營造類指數","337.87","+","14.48","4.48","",
"航運類指數","149.98","+","12.37","8.99","",
"觀光類指數","91.30","+","3.73","4.26","",
"金融保險類指數","1,467.61","+","74.68","5.36","",
"貿易百貨類指數","301.79","+","12.83","4.44","",
"油電燃氣類指數","128.29","+","4.49","3.63","",
"其他類指數","344.34","+","17.19","5.25","",
"臺指日報酬兩倍指數","34,265.11","+","3,204.74","10.32","",
"臺指反向一倍指數","4,453.52","-","242.25","-5.16","",
"電子類兩倍槓桿指數","36,002.54","+","3,257.36","9.95","",
"電子類反向指數","3,944.97","-","206.49","-4.97","",
"價格指數(跨市場)"
"指數","收盤指數","漲跌(+/-)","漲跌點數","漲跌百分比(%)","特殊處理註記",
"臺灣生技指數","4,616.71","+","71.29","1.57","",
"臺灣中小型公司治理指數","7,247.71","+","313.40","4.52","",
"臺灣IPO指數","7,150.32","+","280.30","4.08","",
"智慧中立指數","4,383.97","-","13.22","-0.30","",
"臺灣企業社會責任中小型指數","6,912.84","+","376.92","5.77","",
"臺灣5G+通訊指數","6,433.17","+","344.43","5.66","",
"臺灣全市場指數","5,480.73","+","273.68","5.26","",
"臺灣全市場半導體指數","5,640.85","+","339.06","6.40","",
"價格指數(臺灣指數公司)"
"指數","收盤指數","漲跌(+/-)","漲跌點數","漲跌百分比(%)","特殊處理註記",
"金融類日報酬兩倍指數","24,780.21","+","2,399.79","10.72","",
"金融類日報酬反向一倍指數","5,416.31","-","306.84","-5.36","",
"漲升股利150指數","8,497.66","+","447.10","5.55","",
"漲升股利100指數","7,738.85","+","342.88","4.64","",
"藍籌30指數","8,326.21","+","391.17","4.93","",
"工業菁英30指數","9,227.62","+","460.12","5.25","",
"電子菁英30指數","8,608.26","+","351.52","4.26","",
"低波動股利精選30指數","6,601.73","+","264.40","4.17","",
"低貝塔100指數","7,298.94","+","161.55","2.26","",
"中小型精選50指數","7,103.85","+","341.40","5.05","",
"中小型A級動能50指數","14,078.22","+","982.17","7.50","",
"特選高息低波指數","6,918.08","+","322.07","4.88","",
"臺灣永續指數","8,362.14","+","408.47","5.14","",
"特選內需高收益指數","6,010.09","+","170.74","2.92","",
"價值投資指數","7,667.21","+","406.86","5.60","",
"中小型300指數","7,991.68","+","438.25","5.80","",
"臺灣勞工權益指數","7,356.64","+","369.77","5.29","",
"智慧投資多因子30指數","5,972.69","+","208.01","3.61","",
"臺股期貨指數","7,686.89","+","425.64","5.86","",
"臺灣上櫃企業社會責任指數","5,922.04","+","282.57","5.01","",
"特選Smart多因子指數","6,263.88","+","332.20","5.60","",
"報酬指數(臺灣證券交易所)"
"報酬指數","收盤指數","漲跌(+/-)","漲跌點數","漲跌百分比(%)","特殊處理註記",
"寶島股價報酬指數","23,869.65","+","1,155.80","5.09","",
"發行量加權股價報酬指數","31,230.42","+","1,532.11","5.16","",
"臺灣公司治理100報酬指數","12,269.62","+","552.16","4.71","",
"臺灣50報酬指數","--","","--","--","",
"臺灣50權重上限30%報酬指數","--","","--","--","",
"臺灣中型100報酬指數","--","","--","--","",
"臺灣資訊科技報酬指數","--","","--","--","",
"臺灣發達報酬指數","--","","--","--","",
"臺灣高股息報酬指數","--","","--","--","",
"臺灣就業99報酬指數","13,358.44","+","782.53","6.22","",
"臺灣高薪100報酬指數","11,030.35","+","615.18","5.91","",
"未含金融電子報酬指數","29,583.94","+","1,548.89","5.52","",
"小型股300報酬指數","9,998.11","+","549.90","5.82","",
"水泥類報酬指數","349.25","+","14.32","4.28","",
"食品類報酬指數","2,794.44","+","62.13","2.27","",
"塑膠類報酬指數","455.76","+","19.87","4.56","",
"紡織纖維類報酬指數","996.14","+","61.55","6.59","",
"電機機械類報酬指數","339.86","+","19.05","5.94","",
"電器電纜類報酬指數","104.40","+","8.25","8.58","",
"化學生技醫療類報酬指數","160.74","+","5.54","3.57","",
"化學類報酬指數","184.62","+","8.03","4.55","",
"生技醫療類報酬指數","93.06","+","2.31","2.55","",
"玻璃陶瓷類報酬指數","79.98","+","7.03","9.64","",
"造紙類報酬指數","557.83","+","43.42","8.44","",
"鋼鐵類報酬指數","246.44","+","22.00","9.80","",
"橡膠類報酬指數","494.85","+","26.29","5.61","",
"汽車類報酬指數","465.36","+","23.25","5.26","",
"電子工業類報酬指數","1,379.75","+","65.37","4.97","",
"半導體類報酬指數","655.62","+","31.88","5.11","",
"電腦及週邊設備類報酬指數","264.64","+","9.41","3.69","",
"光電類報酬指數","58.42","+","3.44","6.26","",
"通信網路類報酬指數","248.52","+","5.35","2.20","",
"電子零組件類報酬指數","276.19","+","12.30","4.66","",
"電子通路類報酬指數","337.41","+","15.09","4.68","",
"資訊服務類報酬指數","265.50","+","6.57","2.54","",
"其他電子類報酬指數","146.24","+","10.00","7.34","",
"建材營造類報酬指數","612.73","+","26.26","4.48","",
"航運類報酬指數","209.64","+","17.28","8.98","",
"觀光類報酬指數","120.74","+","4.93","4.26","",
"金融保險類報酬指數","2,338.93","+","119.03","5.36","",
"貿易百貨類報酬指數","445.70","+","18.95","4.44","",
"油電燃氣類報酬指數","193.09","+","6.76","3.63","",
"其他類報酬指數","548.49","+","27.39","5.26","",
"報酬指數(跨市場)"
"報酬指數","收盤指數","漲跌(+/-)","漲跌點數","漲跌百分比(%)","特殊處理註記",
"臺灣生技報酬指數","4,947.33","+","76.40","1.57","",
"臺灣中小型公司治理報酬指數","8,758.63","+","378.74","4.52","",
"臺灣IPO報酬指數","7,832.85","+","307.06","4.08","",
"智慧中立報酬指數","4,605.27","-","13.90","-0.30","",
"加權指數掩護性臺指買權價外5%報酬指數","6,696.26","+","328.59","5.16","",
"臺灣5G報酬指數","8,921.57","+","459.03","5.42","",
"臺灣企業社會責任中小型報酬指數","7,223.86","+","393.88","5.77","",
"特選臺灣電動車代表報酬指數","6,603.82","+","367.30","5.89","",
"臺灣5G+通訊報酬指數","6,473.50","+","346.59","5.66","",
"臺灣全市場報酬指數","5,492.11","+","274.26","5.26","",
"臺灣全市場半導體報酬指數","5,651.43","+","339.70","6.40","",
"報酬指數(臺灣指數公司)"
"報酬指數","收盤指數","漲跌(+/-)","漲跌點數","漲跌百分比(%)","特殊處理註記",
"漲升股利150報酬指數","10,447.99","+","549.71","5.55","",
"漲升股利100報酬指數","9,552.11","+","423.23","4.64","",
"藍籌30報酬指數","9,818.37","+","461.27","4.93","",
"工業菁英30報酬指數","10,857.63","+","541.40","5.25","",
"電子菁英30報酬指數","10,033.38","+","409.72","4.26","",
"低波動股利精選30報酬指數","7,886.88","+","315.87","4.17","",
"低貝塔100報酬指數","8,693.12","+","192.41","2.26","",
"中小型精選50報酬指數","8,720.12","+","419.08","5.05","",
"中小型A級動能50報酬指數","15,742.80","+","1,098.30","7.50","",
"特選高息低波報酬指數","8,524.71","+","396.87","4.88","",
"臺灣永續報酬指數","--","","--","--","",
"特選內需高收益報酬指數","6,998.71","+","198.82","2.92","",
"價值投資報酬指數","9,109.44","+","483.39","5.60","",
"存股雙十等權重報酬指數","8,279.35","+","428.41","5.46","",
"特選大蘋果報酬指數","8,379.11","+","302.66","3.75","",
"中小型300報酬指數","8,637.90","+","473.68","5.80","",
"特股高息20報酬指數","6,344.10","+","111.90","1.80","",
"臺灣500報酬指數","9,022.50","+","449.54","5.24","",
"臺灣勞工權益報酬指數","8,059.51","+","405.10","5.29","",
"微波高息精選20報酬指數","6,500.72","+","293.78","4.73","",
"特選世代行動通訊報酬指數","6,000.42","+","305.47","5.36","",
"智慧投資多因子30報酬指數","6,258.03","+","217.94","3.61","",
"特選大蘋果報酬正向兩倍指數","15,208.39","+","1,060.38","7.49","",
"特選大蘋果報酬反向一倍指數","7,162.05","-","278.84","-3.75","",
"特選價值成長報酬指數","6,944.01","+","459.14","7.08","",
"臺灣上櫃企業社會責任報酬指數","6,158.52","+","293.86","5.01","",
"特選台股領航報酬指數","7,828.82","+","436.94","5.91","",
"特選Smart多因子報酬指數","6,321.94","+","335.27","5.60","",
"110年05月18日 大盤統計資訊"
"成交統計","成交金額(元)","成交股數(股)","成交筆數",
"1.一般股票","391,658,720,004","7,573,442,213","2,746,140",
"2.台灣存託憑證","3,715,676,007","126,491,865","51,367",
"3.受益憑證","0","0","0",
"4.ETF","15,356,929,284","1,201,474,912","142,546",
"5.受益證券","16,310,811","931,380","567",
"6.變更交易股票","37,445,599","7,548,848","1,762",
"7.認購(售)權證","1,886,667,540","1,914,862,000","89,240",
"8.轉換公司債","0","0","0",
"9.附認股權特別股","0","0","0",
"10.附認股權公司債","0","0","0",
"11.認股權憑證","0","0","0",
"12.公司債","0","0","0",
"13.ETN","70,679,380","11,801,000","2,055",
"證券合計(1+6)","391,696,165,603","7,580,991,061","2,747,902",
"總計(1~13)","412,742,428,625","10,836,552,218","3,033,677",
"漲跌證券數合計"
"類型","整體市場","股票",
"上漲(漲停)","7,107(364)","909(208)",
"下跌(跌停)","1,695(212)","32(0)",
"持平","152","8",
"未成交","12,199","1",
"無比價","2,774","1",
"備註:"
""漲跌價差"為當日收盤價與前一日收盤價比較。",
""無比價"含前一日無收盤價、當日除權、除息、新上市、恢復交易者。",
"不加計外幣交易證券交易金額。",

"110年05月18日每日收盤行情(全部(不含權證、牛熊證))"
"(元,股)",,,,,,,,,,,"(元,交易單位)",,,,,
"證券代號","證券名稱","成交股數","成交筆數","成交金額","開盤價","最高價","最低價","收盤價","漲跌(+/-)","漲跌價差","最後揭示買價","最後揭示買量","最後揭示賣價","最後揭示賣量","本益比",
="0050","元大台灣50","16,612,226","13,448","2,167,982,126","128.35","132.30","128.00","132.30","+","5.80","132.25","9","132.30","22","0.00",
="0051","元大中型100","208,528","137","10,222,865","47.60","49.72","47.60","49.72","+","2.87","49.70","1","49.72","23","0.00",
="0052","富邦科技","1,253,358","761","148,097,054","116.10","119.50","115.45","119.50","+","5.90","119.50","10","119.60","5","0.00",
="0053","元大電子","35,024","59","2,189,088","61.85","63.35","61.85","62.90","+","2.90","62.40","1","62.95","1","0.00",
="0054","元大台商50","10,696","47","310,050","28.45","29.40","28.45","29.40","+","1.29","29.45","20","29.84","16","0.00",
="0055","元大MSCI金融","460,254","249","9,381,189","20.03","20.60","19.93","20.56","+","0.84","20.56","9","20.60","3","0.00",
="0056","元大高股息","22,687,429","10,853","761,271,614","33.01","34.01","32.96","34.01","+","1.26","34.00","275","34.01","55","0.00",
="0057","富邦摩台","26,732","44","2,366,668","86.85","89.20","86.75","89.00","+","4.55","89.00","11","89.45","10","0.00",
="0061","元大寶滬深","419,916","215","10,065,845","23.92","24.07","23.91","23.93","+","0.01","23.93","49","23.95","11","0.00",
="006203","元大MSCI台灣","10,004","14","616,286","60.95","62.10","60.90","62.00","+","3.20","61.85","53","62.05","35","0.00",
="006204","永豐臺灣加權","45,799","35","3,735,708","80.65","81.80","80.65","81.80","+","3.65","81.75","50","82.05","50","0.00",
="006205","富邦上証","1,045,865","323","40,468,600","38.77","38.90","38.52","38.64","-","0.04","38.64","49","38.65","2","0.00",
="006206","元大上證50","408,471","167","15,855,196","38.88","39.03","38.66","38.77","-","0.04","38.73","83","38.77","20","0.00",
="006207","FH滬深","140,301","45","4,380,020","31.37","31.37","31.10","31.22","-","0.02","31.20","1","31.22","21","0.00",
="006208","富邦台50","2,701,354","2,787","202,701,910","73.40","76.05","73.35","75.95","+","3.40","75.95","9","76.00","23","0.00",
="00625K","富邦上証+R","0","0","0","--","--","--","--"," ","0.00","8.79","5","8.98","2","0.00",
="00631L","元大台灣50正2","13,024,257","5,069","1,388,958,736","102.75","110.15","102.50","110.15","+","11.05","110.10","33","110.15","90","0.00",
="00632R","元大台灣50反1","656,138,422","35,760","4,067,507,553","6.33","6.36","6.10","6.10","-","0.36","6.10","21,796","6.11","1,629","0.00",
="00633L","富邦上証正2","8,371,556","1,403","580,945,625","69.65","70.15","68.65","69.10","-","0.35","69.10","74","69.25","525","0.00",
="00634R","富邦上証反1","1,668,000","55","6,350,850","3.84","3.84","3.79","3.82"," ","0.00","3.80","460","3.82","88","0.00",
="00635U","期元大S&P黃金","1,611,092","557","40,414,847","25.08","25.14","25.05","25.08","+","0.20","25.08","305","25.09","4","0.00",
="00636","國泰中國A50","1,356,797","501","37,699,212","27.80","27.90","27.61","27.76","-","0.04","27.75","13","27.76","2","0.00",
="00636K","國泰中國A50+U","200","2","1,984","9.92","9.92","9.92","9.92","-","0.01","9.88","12","9.96","12","0.00",
="00637L","元大滬深300正2","43,269,063","6,912","1,186,499,309","27.51","27.71","27.13","27.33","-","0.10","27.32","361","27.33","14","0.00",
="00638R","元大滬深300反1","3,232,000","101","24,801,120","7.67","7.72","7.66","7.67","-","0.01","7.67","198","7.68","10","0.00",
="00639","富邦深100","2,078,625","440","35,397,092","17.10","17.17","16.92","17.00","-","0.09","17.00","46","17.01","51","0.00",
="00640L","富邦日本正2","351,000","73","9,660,510","27.28","27.68","27.28","27.67","+","0.85","27.67","100","27.68","3","0.00",
="00641R","富邦日本反1","501,000","84","5,460,940","10.95","10.95","10.86","10.86","-","0.21","10.86","53","10.87","50","0.00",
="00642U","期元大S&P石油","31,092,134","3,340","350,977,343","11.28","11.30","11.26","11.29","+","0.19","11.28","3,213","11.29","29","0.00",
="00643","群益深証中小","809,386","212","14,313,429","17.72","17.74","17.60","17.68","-","0.01","17.68","16","17.69","11","0.00",
="00643K","群益深証中小+R","0","0","0","--","--","--","--"," ","0.00","4.12","2","4.19","1","0.00",
="00645","富邦日本","217,050","62","5,427,703","24.96","25.04","24.96","25.03","+","0.47","25.03","31","25.05","1","0.00",
="00646","元大S&P500","1,068,588","582","38,154,332","35.81","35.81","35.67","35.70","-","0.09","35.70","28","35.71","24","0.00",
="00647L","元大S&P500正2","269,000","19","16,560,500","61.50","61.70","61.50","61.70","+","0.30","61.60","101","61.70","73","0.00",
="00648R","元大S&P500反1","1,569,000","111","11,643,830","7.43","7.43","7.41","7.43"," ","0.00","7.42","24","7.43","1,079","0.00",
="00650L","FH香港正2","1,188,000","101","35,403,740","29.15","29.98","29.15","29.85","+","0.80","29.83","55","29.85","25","0.00",
="00651R","FH香港反1","135,000","19","932,290","6.94","6.94","6.90","6.90","-","0.10","6.90","98","6.92","108","0.00",
="00652","富邦印度","287,437","162","7,311,676","25.18","25.54","25.18","25.54","+","0.54","25.54","25","25.55","1","0.00",
="00653L","富邦印度正2","1,573,485","479","56,154,646","35.30","35.95","35.30","35.90","+","1.44","35.90","89","35.91","4","0.00",
="00654R","富邦印度反1","2,737,000","433","26,128,650","9.72","9.72","9.49","9.49","-","0.28","9.48","31","9.49","3","0.00",
="00655L","國泰中國A50正2","3,189,275","783","166,359,500","52.05","52.60","51.60","51.95","-","0.20","51.95","385","52.00","45","0.00",
="00656R","國泰中國A50反1","436,000","24","3,058,610","7.02","7.06","7.01","7.05"," ","0.00","7.04","1","7.05","197","0.00",
="00657","國泰日經225","101,552","33","3,541,594","34.88","34.97","34.88","34.97","+","0.95","34.89","30","34.97","60","0.00",
="00657K","國泰日經225+U","200","2","2,494","12.47","12.47","12.47","12.47","+","0.32","12.45","6","12.51","6","0.00",
="00660","元大歐洲50","5,404","31","154,704","28.77","28.77","28.74","28.75","+","0.08","28.70","20","28.76","9","0.00",
="00661","元大日經225","305,672","71","10,718,462","34.96","35.31","34.96","35.00","+","0.49","35.01","10","35.17","15","0.00",
="00662","富邦NASDAQ","257,480","145","12,372,485","48.24","48.24","47.90","48.09","-","0.24","48.05","45","48.09","45","0.00",
="00663L","國泰臺灣加權正2","491,100","90","46,452,729","91.80","98.25","91.80","98.25","+","9.65","98.25","152","98.30","4","0.00",
="00664R","國泰臺灣加權反1","31,100,192","2,477","219,184,946","7.19","7.22","6.93","6.93","-","0.41","6.93","2,866","6.94","651","0.00",
="00665L","富邦恒生國企正2","87,000","40","2,065,190","23.51","23.85","23.37","23.73","+","0.53","23.73","32","23.80","10","0.00",
="00666R","富邦恒生國企反1","86,000","9","963,870","11.25","11.25","11.16","11.16","-","0.21","11.17","1","11.25","30","0.00",
="00668","國泰美國道瓊","16,353","21","569,511","34.84","34.90","34.79","34.81","+","0.01","34.79","3","34.81","19","0.00",
="00668K","國泰美國道瓊+U","200","2","2,484","12.42","12.42","12.42","12.42","+","0.02","12.38","6","12.46","6","0.00",
="00669R","國泰美國道瓊反1","5,657,000","420","45,804,420","8.12","8.12","8.09","8.09","-","0.05","8.09","274","8.10","74","0.00",
="00670L","富邦NASDAQ正2","517,530","187","44,588,975","86.00","86.50","85.95","86.50"," ","0.00","86.45","6","86.50","74","0.00",
="00671R","富邦NASDAQ反1","10,424,000","297","63,263,980","6.08","6.08","6.06","6.06","-","0.03","6.06","79","6.07","208","0.00",
="00673R","期元大S&P原油反1","2,523,000","406","43,087,790","17.08","17.11","17.05","17.10","-","0.25","17.10","63","17.11","61","0.00",
="00674R","期元大S&P黃金反1","251,000","58","3,208,880","12.77","12.82","12.77","12.79","-","0.07","12.79","1","12.80","241","0.00",
="00675L","富邦臺灣加權正2","2,398,638","1,233","98,459,655","39.45","42.31","39.33","42.31","+","4.25","42.30","1","42.31","49","0.00",
="00676R","富邦臺灣加權反1","53,725,495","2,306","206,233,125","3.94","3.94","3.77","3.77","-","0.23","3.77","2,993","3.78","11","0.00",
="00677U","期富邦VIX","93,176,546","2,656","154,440,983","1.66","1.68","1.65","1.65","-","0.02","1.65","48,819","1.66","2,028","0.00",
="00678","群益NBI生技","382,527","49","10,290,611","26.90","26.92","26.79","26.86","-","0.06","26.86","14","27.00","1","0.00",
="00680L","元大美債20正2","8,000","5","173,750","21.73","21.73","21.70","21.70","-","0.21","21.71","50","21.74","1","0.00",
="00681R","元大美債20反1","37,000","4","536,110","14.49","14.49","14.47","14.47","+","0.07","14.45","50","14.49","35","0.00",
="00682U","期元大美元指數","165,000","65","2,952,870","17.90","17.95","17.85","17.87","-","0.06","17.87","2","17.88","7","0.00",
="00683L","期元大美元指正2","1,219,000","334","20,011,760","16.45","16.46","16.39","16.43","-","0.13","16.43","3","16.45","62","0.00",
="00684R","期元大美元指反1","2,000","1","38,660","19.33","19.33","19.33","19.33"," ","0.00","19.34","1","19.38","4","0.00",
="00685L","群益臺灣加權正2","41,000","20","1,464,810","34.43","36.90","34.43","36.88","+","3.45","36.88","1","37.04","5","0.00",
="00686R","群益臺灣加權反1","1,518,000","169","6,370,550","4.29","4.30","4.12","4.12","-","0.26","4.12","39","4.14","197","0.00",
="00688L","國泰20年美債正2","25,000","6","543,260","21.73","21.74","21.69","21.69","-","0.20","21.70","11","21.74","20","0.00",
="00689R","國泰20年美債反1","69,000","7","1,049,710","15.22","15.22","15.21","15.21","+","0.03","15.21","4","15.24","282","0.00",
="00690","兆豐藍籌30","111,978","76","3,471,582","30.41","31.47","30.41","31.47","+","1.34","31.50","22","31.58","13","0.00",
="00692","富邦公司治理","3,028,205","1,652","101,231,454","32.87","33.90","32.82","33.85","+","0.98","33.82","5","33.85","14","0.00",
="00693U","期街口S&P黃豆","1,300,175","234","31,545,022","24.20","24.34","24.20","24.20","+","0.09","24.20","278","24.23","3","0.00",
="00700","富邦恒生國企","144,924","41","2,732,442","18.86","18.94","18.85","18.85","+","0.16","18.80","1","18.89","3","0.00",
="00701","國泰股利精選30","2,991,509","1,023","69,934,356","22.93","23.62","22.93","23.59","+","0.94","23.59","85","23.60","60","0.00",
="00702","國泰標普低波高息","188,356","47","3,982,459","21.10","21.18","21.07","21.13","+","0.13","21.14","20","21.16","26","0.00",
="00703","台新MSCI中國","178,001","51","4,302,853","24.10","24.26","24.03","24.18","+","0.23","24.16","20","24.20","28","0.00",
="00706L","期元大S&P日圓正2","186,000","10","3,019,810","16.25","16.25","16.22","16.23","+","0.05","16.22","38","16.25","72","0.00",
="00707R","期元大S&P日圓反1","0","0","0","--","--","--","--"," ","0.00","19.64","60","19.69","47","0.00",
="00708L","期元大S&P黃金正2","3,139,233","716","90,318,153","28.80","28.89","28.66","28.76","+","0.48","28.76","198","28.77","3","0.00",
="00709","富邦歐洲","99,008","30","2,355,205","23.79","23.79","23.79","23.79","+","0.12","23.79","1","23.80","1","0.00",
="00710B","FH彭博高收益債","342,498","75","6,303,793","18.40","18.42","18.39","18.40"," ","0.00","18.39","22","18.40","5","0.00",
="00711B","FH彭博新興債","112,025","28","2,239,339","20.00","20.00","19.97","19.97","-","0.12","19.97","1","20.00","20","0.00",
="00712","FH富時不動產","1,564,727","535","22,309,769","14.21","14.29","14.21","14.24","+","0.06","14.24","67","14.25","12","0.00",
="00713","元大台灣高息低波","197,060","165","7,871,370","39.58","40.70","39.17","40.70","+","1.76","40.66","20","40.70","34","0.00",
="00714","群益道瓊美國地產","19,533","38","406,060","20.85","20.85","20.78","20.80","-","0.06","20.78","50","20.80","12","0.00",
="00715L","期街口布蘭特正2","53,973,955","3,059","412,209,532","7.63","7.67","7.60","7.63","+","0.20","7.63","4","7.64","1,150","0.00",
="00717","富邦美國特別股","633,654","115","10,539,185","16.64","16.65","16.62","16.62","+","0.01","16.62","14","16.63","37","0.00",
="00728","第一金工業30","532,426","377","14,338,161","26.65","27.30","26.38","27.30","+","1.35","27.25","22","27.30","3","0.00",
="00730","富邦臺灣優質高息","544,413","358","11,048,660","20.00","20.49","19.92","20.49","+","0.72","20.48","1","20.49","23","0.00",
="00731","FH富時高息低波","315,407","72","17,723,059","54.05","56.35","54.05","56.05","+","1.95","56.00","39","56.20","6","0.00",
="00732","國泰RMB短期報酬","100,976","22","4,027,975","39.90","39.90","39.90","39.90"," ","0.00","39.73","7","39.80","1","0.00",
="00733","富邦臺灣中小","793,758","420","29,648,783","36.36","37.84","35.80","37.84","+","2.59","37.84","3","37.85","1","0.00",
="00735","國泰臺韓科技","140,056","38","4,515,357","31.80","32.42","31.80","32.41","+","0.98","32.28","10","32.49","33","0.00",
="00736","國泰新興市場","177,471","38","4,088,472","22.96","23.10","22.96","23.10","+","0.37","23.06","20","23.16","49","0.00",
="00737","國泰AI+Robo","219,543","100","6,737,630","30.79","30.79","30.65","30.71","-","0.10","30.71","1","30.72","1","0.00",
="00738U","期元大道瓊白銀","4,295,962","1,169","126,917,560","29.36","29.84","29.32","29.59","+","0.89","29.58","161","29.59","15","0.00",
="00739","元大MSCI A股","237,434","106","6,742,435","28.42","28.60","28.29","28.38","+","0.02","28.38","46","28.39","30","0.00",
="00742","新光內需收益","88,263","43","1,926,341","21.63","21.85","21.63","21.85","+","0.55","21.84","8","22.00","1","0.00",
="00743","國泰中國A150","110,733","31","3,285,244","29.68","29.72","29.66","29.67","-","0.21","29.67","21","29.70","7","0.00",
="00752","中信中國50","622,283","380","17,646,214","28.25","28.47","28.15","28.40","+","0.43","28.40","13","28.42","2","0.00",
="00753L","中信中國50正2","436,000","190","15,440,360","34.95","35.61","34.95","35.57","+","0.74","35.57","2","35.60","25","0.00",
="00757","統一FANG+","966,726","382","42,556,444","43.97","44.17","43.97","44.17","+","0.34","44.15","8","44.17","11","0.00",
="00762","元大全球AI","288,782","87","10,448,991","36.20","36.25","36.05","36.25","+","0.33","36.25","5","36.26","26","0.00",
="00763U","期街口道瓊銅","451,410","172","13,996,020","30.83","31.13","30.83","31.10","+","0.58","31.09","5","31.10","1","0.00",
="00770","國泰北美科技","188,173","36","6,372,059","33.88","33.91","33.84","33.91","-","0.09","33.91","30","33.94","10","0.00",
="00771","元大US高息特別股","60,428","369","1,154,144","19.12","19.13","19.09","19.12"," ","0.00","19.11","2","19.12","13","0.00",
="00774B","新光中國政金綠債","3,000","23","116,893","39.35","39.35","39.35","39.35"," ","0.00","39.01","10","39.41","3","0.00",
="00774C","新光中政金綠債+R","0","0","0","--","--","--","--"," ","0.00","8.95","5","9.14","2","0.00",
="00775B","新光投等債15+","1,673","25","67,975","41.00","41.00","41.00","41.00","-","0.26","40.56","102","40.88","5","0.00",
="00783","富邦中証500","503,059","44","11,279,806","22.39","22.44","22.38","22.42","+","0.03","22.42","82","22.46","1","0.00",
="008201","BP上證50","2,400","4","305,800","127.00","128.00","127.00","128.00","+","2.10","110.20","2","128.00","5","0.00",
="00830","國泰費城半導體","2,011,239","528","52,808,895","26.30","26.32","26.14","26.32","+","0.01","26.30","26","26.32","39","0.00",
="00850","元大臺灣ESG永續","4,080,379","1,918","131,578,527","31.70","32.73","31.55","32.70","+","1.51","32.70","48","32.71","11","0.00",
="00851","台新全球AI","6,438","26","186,388","29.06","29.06","28.95","29.00","-","0.06","29.00","45","29.05","45","0.00",
="00852L","國泰美國道瓊正2","1,418,000","86","29,399,150","20.70","20.75","20.70","20.75","+","0.15","20.74","5","20.75","249","0.00",
="00861","元大全球未來通訊","1,572,154","393","43,788,653","27.76","27.91","27.76","27.91","+","0.16","27.90","2","27.91","6","0.00",
="00865B","國泰US短期公債","60,751","25","2,232,336","36.70","36.80","36.70","36.80","+","0.08","36.62","78","36.80","1","0.00",
="00875","國泰網路資安","403,718","213","12,095,317","30.02","30.02","29.89","30.00","-","0.03","29.99","2","30.00","1","0.00",
="00876","元大未來關鍵科技","3,550,313","749","97,197,146","27.16","27.50","27.16","27.47","+","0.47","27.47","1","27.48","1","0.00",
="00878","國泰永續高股息","15,167,584","6,588","268,390,346","17.45","17.90","17.40","17.90","X","0.00","17.89","491","17.90","38","0.00",
="00881","國泰台灣5G+","51,410,668","17,026","856,635,219","16.30","16.91","16.26","16.90","+","0.79","16.90","522","16.91","518","0.00",
="00882","中信中國高股息","6,397,710","1,722","102,703,357","15.92","16.11","15.92","16.08","+","0.16","16.07","277","16.08","149","0.00",
="00885","富邦越南","9,274,528","3,279","140,447,531","15.10","15.19","15.10","15.14","+","0.06","15.14","71","15.15","100","0.00",
="01001T","土銀富邦R1","186,002","187","3,381,505","18.11","18.20","18.10","18.20","+","0.21","18.01","10","18.20","30","0.00",
="01002T","土銀國泰R1","176,308","132","3,259,830","18.54","18.54","18.34","18.48","-","0.08","18.48","5","18.50","1","0.00",
="01003T","兆豐新光R1","193,070","24","3,669,406","19.00","19.07","18.90","19.07"," ","0.00","19.00","4","19.07","66","0.00",
="01004T","土銀富邦R2","303,000","194","5,109,500","16.74","16.90","16.74","16.90","+","0.16","16.80","12","16.90","30","0.00",
="01007T","兆豐國泰R2","14,000","7","284,750","20.29","20.40","20.29","20.40","+","0.20","20.31","5","20.40","3","0.00",
="01009T","王道圓滿R1","19,000","7","174,020","9.12","9.19","9.12","9.19","+","0.07","9.16","10","9.20","1","0.00",
="01010T","京城樂富R1","40,000","16","431,800","10.81","10.81","10.78","10.80","+","0.07","10.77","2","10.80","59","0.00",
="020000","富邦特選蘋果N","19,000","4","134,660","6.99","7.12","6.99","7.12","+","0.24","7.14","10","7.15","45","0.00",
="020002","元富新中國N","2,000","1","39,540","19.77","19.77","19.77","19.77","+","0.15","19.64","499","19.66","355","0.00",
="020004","兆豐電菁英30N","0","0","0","--","--","--","--"," ","0.00","30.64","499","30.65","499","0.00",
="020006","永昌中小300N","0","0","0","--","--","--","--"," ","0.00","29.12","100","29.14","100","0.00",
="020007","凱基臺灣500N","0","0","0","--","--","--","--"," ","0.00","31.23","211","31.28","224","0.00",
="020008","元大特股高息N","203,000","5","2,405,570","11.79","11.89","11.79","11.89","+","0.20","11.91","100","11.92","100","0.00",
="020011","統一微波高息20N","27,000","9","164,790","6.05","6.21","6.05","6.21","+","0.25","6.23","497","6.24","492","0.00",
="020012","富邦行動通訊N","11,000","7","64,630","5.78","5.95","5.78","5.95","+","0.33","5.96","100","5.97","100","0.00",
="020015","統一MSCI美低波N","0","0","0","--","--","--","--"," ","0.00","14.44","499","14.46","492","0.00",
="020016","統一MSCI美科技N","0","0","0","--","--","--","--"," ","0.00","17.64","498","17.66","493","0.00",
="020018","統一價值成長30N","85,000","24","1,149,040","13.26","13.67","13.08","13.67","+","0.85","13.69","493","13.71","490","0.00",
="020019","統一特選台灣5GN","215,000","53","2,779,020","12.78","13.23","12.72","13.17","+","0.65","13.18","499","13.20","493","0.00",
="02001L","富邦蘋果正二N","96,000","4","1,048,740","10.69","10.96","10.69","10.93","+","0.80","10.94","10","10.97","10","0.00",
="02001R","富邦蘋果反一N","56,000","4","172,480","3.08","3.08","3.08","3.08","-","0.07","3.07","10","3.08","10","0.00",
="020020","元大台股領航N","2,129,000","462","14,359,300","6.50","6.83","6.50","6.82","+","0.37","6.81","123","6.82","80","0.00",
="020022","元大電動車N","8,958,000","1,482","48,361,610","5.32","5.48","5.26","5.48","+","0.34","5.47","24","5.48","79","0.00",
"1101","台泥","32,663,784","14,854","1,618,241,584","48.20","50.00","48.20","50.00","+","2.10","49.95","417","50.00","1,150","11.96",
"1101B","台泥乙特","4,938","7","263,551","53.10","53.60","53.00","53.60"," ","0.00","53.00","3","53.50","21","0.00",
"1102","亞泥","14,450,270","6,178","710,982,022","48.50","49.95","48.45","49.95","+","1.50","49.90","2","49.95","35","9.78",
"1103","嘉泥","3,074,367","1,507","64,245,795","19.95","21.35","19.95","21.30","+","1.55","21.25","8","21.30","8","7.42",
"1104","環泥","1,947,786","919","42,093,276","20.85","22.20","20.85","22.00","+","1.25","22.00","40","22.05","19","10.05",
"1108","幸福","4,809,825","1,653","64,058,134","12.80","13.70","12.60","13.40","+","0.70","13.40","60","13.45","3","15.40",
"1109","信大","1,255,088","683","31,322,637","23.90","25.50","23.90","25.50","+","1.80","25.45","3","25.50","30","7.29",
"1110","東泥","780,085","148","12,062,532","15.50","16.50","15.00","16.50","+","1.50","16.15","5","16.50","32","137.50",
"1201","味全","6,625,475","3,021","143,360,460","22.30","22.35","21.30","21.65","-","0.60","21.60","126","21.65","69","18.50",
"1203","味王","1,078,837","781","41,327,584","39.95","39.95","37.00","37.30","-","0.65","37.15","1","37.30","27","20.05",
"1210","大成","4,151,600","2,886","233,387,274","55.00","57.10","54.90","57.00","+","2.50","56.90","7","57.00","51","13.32",
"1213","大飲","27,603","23","215,877","7.32","8.12","7.32","8.00","+","0.25","7.99","11","8.00","1","0.00",
"1215","卜蜂","1,403,528","1,112","108,856,193","76.60","78.50","76.20","78.10","+","1.70","78.10","3","78.20","38","11.57",
"1216","統一","7,503,928","4,002","551,596,518","72.70","74.20","72.30","74.00","+","1.40","74.00","2","74.10","93","18.69",
"1217","愛之味","79,471,881","26,410","1,034,606,762","13.50","13.80","12.40","12.90","+","0.05","12.85","502","12.90","219","23.04",
"1218","泰山","4,958,501","2,701","149,534,761","31.00","31.10","29.80","30.35","-","0.40","30.30","47","30.35","10","16.58",
"1219","福壽","2,816,289","1,155","62,823,583","21.80","22.85","21.40","22.60","+","1.25","22.55","26","22.60","3","12.49",
"1220","台榮","2,643,561","1,044","41,334,630","15.90","15.95","15.00","15.90","+","0.40","15.85","12","15.90","1","12.33",
"1225","福懋油","460,529","319","19,510,362","42.00","43.60","40.00","42.95","+","2.50","42.95","4","43.10","1","18.84",
"1227","佳格","2,203,988","1,631","115,351,158","51.20","53.00","51.20","52.90","+","1.90","52.90","20","53.00","60","15.16",
"1229","聯華","2,842,480","1,883","131,352,760","45.50","46.80","45.30","46.75","+","1.25","46.70","9","46.75","73","14.43",
"1231","聯華食","4,035,174","3,178","252,078,678","65.40","65.40","60.50","62.50","-","3.50","62.50","10","62.60","7","14.81",
"1232","大統益","277,552","416","44,970,271","160.00","164.50","159.50","164.00","+","7.50","163.50","3","164.00","5","17.34",
"1233","天仁","34,059","24","1,177,417","34.20","34.95","34.20","34.95","+","0.75","34.90","1","34.95","2","47.88",
"1234","黑松","328,326","228","11,313,502","33.85","34.75","33.85","34.65","+","0.55","34.65","8","34.70","3","15.20",
"1235","興泰","8,384","10","265,214","30.95","32.50","30.95","32.50","+","2.05","31.40","2","32.35","1","47.79",
"1236","宏亞","2,266,664","1,141","39,448,502","17.20","18.10","16.90","17.40","+","0.50","17.00","25","17.45","14","39.55",
"1256","鮮活果汁-KY","50,529","268","22,065,587","437.00","439.00","430.00","430.50","+","5.50","430.50","3","437.00","2","15.09",
"1301","台塑","10,335,620","5,229","1,002,143,075","92.90","98.40","92.80","97.90","+","4.50","97.80","1","97.90","20","17.61",
"1303","南亞","8,320,326","3,900","666,535,699","78.10","81.30","78.10","81.30","+","3.40","81.30","9","81.40","100","15.22",
"1304","台聚","17,324,705","7,198","524,831,092","29.55","30.90","28.70","30.90","+","2.80","30.90","2,639","--","0","9.63",
"1305","華夏","12,794,539","4,917","395,438,113","29.60","31.80","29.50","31.65","+","2.65","31.65","23","31.70","16","8.16",
"1307","三芳","346,859","179","7,142,242","19.90","21.00","19.90","21.00","+","1.10","21.00","5","21.10","1","26.25",
"1308","亞聚","12,478,695","4,871","328,445,100","25.30","27.20","25.05","26.80","+","2.05","26.80","153","26.85","10","10.31",
"1309","台達化","11,112,701","4,972","405,022,571","35.80","37.40","34.75","37.20","+","2.45","37.15","13","37.20","43","5.65",
"1310","台苯","4,672,775","1,892","83,011,963","17.05","18.35","17.00","18.30","+","1.45","18.30","13","18.35","22","11.51",
"1312","國喬","42,837,541","11,719","1,054,500,068","24.40","25.25","23.50","24.85","+","0.80","24.85","88","24.90","60","3.82",
"1312A","國喬特","136,000","13","4,604,400","34.00","34.00","33.50","33.90","-","0.65","33.55","1","33.90","15","0.00",
"1313","聯成","16,774,080","5,448","371,836,960","21.05","22.80","21.00","22.50","+","1.75","22.50","98","22.55","122","6.82",
"1314","中石化","158,773,610","26,758","1,900,620,922","11.55","12.35","11.35","12.35","+","1.00","12.30","696","12.35","1,513","30.12",
"1315","達新","184,339","169","12,863,865","68.20","70.80","68.00","70.60","+","2.60","70.50","1","70.60","3","1.73",
"1316","上曜","1,163,801","421","12,555,358","10.35","11.05","10.35","10.95","+","0.75","10.95","7","11.00","13","35.32",
"1319","東陽","966,387","573","31,098,883","31.95","32.65","31.30","32.50","+","1.50","32.50","4","32.60","17","27.78",
"1321","大洋","556,000","293","18,888,600","32.50","34.75","32.50","34.60","+","2.20","34.60","30","34.65","7","11.53",
"1323","永裕","287,500","107","9,182,450","31.40","32.45","31.40","32.45","+","0.70","32.15","5","32.45","1","10.47",
"1324","地球","134,229","79","1,372,631","10.15","10.40","10.05","10.35","+","0.20","10.30","6","10.40","2","147.86",
"1325","恆大","28,612,197","17,952","3,165,537,839","108.00","118.50","104.50","110.00","-","5.50","109.50","78","110.00","6","4.67",
"1326","台化","4,872,286","2,304","403,910,219","80.80","83.70","80.70","83.60","+","2.70","83.60","4","83.70","29","13.21",
"1337","再生-KY","2,041,712","824","14,066,060","6.52","7.06","6.50","7.06","+","0.64","7.06","65","--","0","0.00",
"1338","廣華-KY","1,006,721","538","58,465,840","56.20","59.20","55.70","59.00","+","4.00","59.00","2","59.10","3","11.71",
"1339","昭輝","118,050","87","4,365,730","36.00","37.70","36.00","37.70","+","1.70","37.60","1","37.70","3","26.36",
"1340","勝悅-KY","331,837","216","3,330,479","9.43","10.30","9.43","10.25","+","0.71","10.25","2","10.30","10","0.00",
"1341","富林-KY","39,150","29","3,028,098","75.20","80.50","75.20","78.50","+","3.40","78.30","1","79.90","3","11.10",
"1342","八貫","96,000","67","4,781,900","49.70","51.00","49.00","51.00","+","2.00","50.10","1","51.00","4","18.41",
"1402","遠東新","9,848,627","4,078","301,041,467","29.65","31.00","29.65","30.80","+","1.15","30.75","7","30.80","27","17.80",
"1409","新纖","27,225,860","8,628","520,183,344","18.50","19.55","18.20","19.55","+","1.75","19.55","574","--","0","8.97",
"1410","南染","62,637","43","2,183,837","34.80","35.40","34.30","35.00","+","0.50","34.80","2","35.00","4","36.46",
"1413","宏洲","923,324","371","9,488,780","9.47","10.35","9.47","10.30","+","0.85","10.30","10","10.35","2","0.00",
"1414","東和","6,433,450","2,362","104,724,516","15.50","16.90","15.00","16.85","+","1.45","16.85","2","16.90","14","38.30",
"1416","廣豐","477,211","251","4,953,987","9.91","10.65","9.91","10.55","+","0.69","10.50","44","10.55","1","0.00",
"1417","嘉裕","2,727,686","966","37,172,442","13.35","14.00","13.05","13.95","+","1.20","13.90","60","13.95","10","0.00",
"1418","東華","1","1","11","--","--","--","--"," ","0.00","11.05","2","11.85","1","0.00",
"1419","新紡","57,319","50","2,190,516","37.00","39.05","37.00","39.00","+","2.15","38.70","2","39.00","10","28.06",
"1423","利華","443,919","227","8,764,209","19.10","20.10","19.10","19.80","+","0.85","19.80","2","19.85","20","6.53",
"1432","大魯閣","264,011","306","3,302,940","11.80","12.95","11.80","12.95","+","1.15","12.95","4","--","0","68.16",
"1434","福懋","2,916,796","1,316","86,832,176","29.15","30.15","29.15","30.00","+","1.05","30.00","6","30.05","7","21.74",
"1435","中福","66,137","59","967,924","14.15","15.05","14.15","14.70","+","0.60","14.70","8","15.10","3","0.00",
"1436","華友聯","77,230","49","2,974,798","38.00","39.25","38.00","38.90","+","0.50","38.50","1","38.90","1","16.48",
"1437","勤益控","298,349","134","7,145,913","23.50","24.25","23.50","24.25","+","1.10","24.25","2","24.30","5","10.73",
"1438","三地開發","63,035","49","1,832,407","28.10","29.90","28.00","29.90","+","2.20","29.00","1","29.90","1","0.00",
"1439","中和","103,462","69","2,445,453","22.90","24.95","22.90","24.40","+","1.50","24.35","2","24.40","2","0.00",
"1440","南紡","119,668,378","37,450","2,752,219,164","22.25","24.20","21.25","23.60","+","1.50","23.60","292","23.65","27","20.00",
"1441","大東","1,182,968","601","11,579,229","9.00","10.25","9.00","10.25","+","0.93","10.20","14","10.25","7","0.00",
"1442","名軒","243,167","126","4,098,547","16.60","17.00","16.45","17.00","+","0.60","17.00","17","17.05","5","45.95",
"1443","立益","35,033","21","427,868","12.70","12.70","12.05","12.20","+","0.20","12.10","19","12.30","2","0.00",
"1444","力麗","20,532,094","4,925","223,469,517","10.45","11.20","10.25","11.20","+","1.00","11.20","10,220","--","0","0.00",
"1445","大宇","376,337","173","4,314,091","10.95","11.75","10.95","11.75","+","1.05","11.65","8","11.75","37","0.00",
"1446","宏和","171,000","92","4,565,550","25.75","28.25","25.75","27.45","+","1.75","27.15","1","27.45","1","305.00",
"1447","力鵬","22,946,976","5,199","243,189,816","10.30","10.90","10.05","10.90","+","0.95","10.90","564","--","0","0.00",
"1449","佳和","302,285","192","4,347,754","13.70","14.85","13.70","14.75","+","1.05","14.75","5","14.80","7","0.00",
"1451","年興","919,726","460","17,265,514","18.10","19.30","17.85","19.00","+","1.30","18.95","25","19.05","5","0.00",
"1452","宏益","5,811,845","2,074","116,955,372","19.10","21.05","19.10","21.00","+","1.85","20.95","8","21.00","39","12.21",
"1453","大將","216,472","157","1,825,274","8.18","8.69","8.02","8.63","+","0.73","8.62","3","8.69","8","11.82",
"1454","台富","328,197","133","2,980,076","8.88","9.19","8.71","9.15","+","0.53","9.11","2","9.16","30","0.00",
"1455","集盛","115,020,172","31,008","2,244,698,992","18.90","20.55","17.60","19.90","+","0.95","19.90","132","19.95","70","19.51",
"1456","怡華","330,060","191","5,212,113","14.75","16.05","14.75","16.05","+","1.45","15.90","5","16.05","29","7.72",
"1457","宜進","2,268,413","971","35,721,182","15.00","16.20","15.00","16.20","+","1.40","16.15","8","16.20","63","4.78",
"1459","聯發","5,752,459","1,879","70,706,121","11.65","13.00","11.20","12.85","+","0.70","12.85","17","12.95","5","12.98",
"1460","宏遠","6,101,469","2,006","58,691,772","9.36","10.10","9.22","10.00","+","0.64","9.99","37","10.00","115","0.00",
"1463","強盛","342,149","159","4,473,807","12.80","13.30","12.80","13.05","+","0.40","13.05","6","13.20","3","45.00",
"1464","得力","1,125,571","754","18,348,150","15.60","16.70","15.60","16.65","+","1.30","16.60","1","16.65","19","0.00",
"1465","偉全","246,614","210","2,987,834","11.60","12.90","11.60","12.85","+","1.10","12.85","8","12.90","96","0.00",
"1466","聚隆","3,522,595","1,662","55,535,143","16.05","16.45","15.00","15.75","+","0.30","15.70","24","15.75","29","18.53",
"1467","南緯","8,919,799","2,987","167,705,093","18.40","19.45","18.00","18.65","+","0.25","18.65","8","18.75","1","14.46",
"1468","昶和","59,001","43","666,311","11.10","11.95","10.90","11.35","+","0.10","11.35","2","11.65","1","34.39",
"1470","大統新創","85,000","22","1,341,800","16.00","16.15","15.55","16.00","+","0.15","15.75","1","15.95","4","55.17",
"1471","首利","2,397,184","739","21,042,080","8.21","9.02","8.21","9.02","+","0.82","9.02","515","--","0","2.93",
"1472","三洋紡","337,125","23","3,438,854","10.00","10.50","10.00","10.50","+","0.50","10.40","19","10.45","1","0.00",
"1473","台南","419,166","206","7,184,378","16.95","17.40","16.80","17.35","+","0.55","17.25","12","17.35","5","0.00",
"1474","弘裕","2,362,279","922","32,446,905","13.30","14.00","13.15","14.00","+","1.25","14.00","329","--","0","12.17",
"1475","業旺","110,664","98","3,493,469","29.90","31.90","29.35","31.90","+","2.90","31.90","4","--","0","132.92",
"1476","儒鴻","2,002,352","1,860","1,187,575,594","564.00","611.00","561.00","606.00","+","50.00","606.00","4","607.00","6","33.82",
"1477","聚陽","2,447,851","1,945","620,428,633","248.00","259.00","239.50","258.00","+","20.00","257.50","3","258.00","11","27.39",
"1503","士電","367,288","225","18,260,580","48.05","50.60","48.05","50.00","+","1.50","50.00","1","50.10","6","15.48",
"1504","東元","2,248,268","1,040","69,571,811","30.00","31.55","30.00","31.30","+","1.45","31.25","1","31.30","2","15.89",
"1506","正道","239,005","100","2,320,422","9.14","10.00","9.14","9.68","+","0.58","9.68","4","9.90","8","0.00",
"1507","永大","211,907","198","13,148,989","61.00","62.90","60.90","62.20","+","1.50","62.10","1","62.20","1","18.40",
"1512","瑞利","130,002","33","568,328","4.42","4.57","4.20","4.57","+","0.40","4.24","5","4.57","2","0.00",
"1513","中興電","8,483,808","4,377","394,624,996","44.75","47.85","44.70","47.45","+","2.80","47.40","72","47.45","66","10.88",
"1514","亞力","1,749,616","838","38,160,003","21.00","22.55","21.00","22.50","+","2.00","22.50","9","22.55","92","14.61",
"1515","力山","3,086,360","2,020","203,564,592","64.40","67.80","63.10","67.20","+","4.10","67.20","7","67.30","20","11.59",
"1516","川飛","38,271","32","811,064","21.55","21.55","21.00","21.35","+","0.35","21.25","2","21.35","1","30.07",
"1517","利奇","4,642,992","1,687","104,168,837","21.20","23.15","21.05","23.15","+","2.10","23.15","24","--","0","15.33",
"1519","華城","2,197,324","1,435","89,344,672","39.30","42.40","39.00","42.40","+","3.40","42.05","1","42.40","4","23.95",
"1521","大億","153,098","143","6,563,761","42.80","43.30","42.45","43.00","+","0.90","43.00","8","43.20","1","28.10",
"1522","堤維西","899,328","454","17,848,666","19.00","20.35","19.00","20.30","+","1.55","20.30","9","20.35","8","22.81",
"1524","耿鼎","660,875","415","6,122,488","8.80","9.55","8.72","9.48","+","0.79","9.48","18","9.52","10","59.25",
"1525","江申","222,030","168","13,518,593","57.80","62.70","57.80","62.50","+","5.10","62.40","1","62.50","8","11.60",
"1526","日馳","937,155","580","39,620,453","40.10","43.10","40.10","43.10","+","3.90","43.10","54","--","0","12.35",
"1527","鑽全","1,302,571","776","55,654,619","41.10","44.00","41.00","43.55","+","3.15","43.45","3","43.55","11","14.09",
"1528","恩德","896,669","344","8,309,915","8.67","9.43","8.67","9.43","+","0.85","9.42","9","9.43","13","0.00",
"1529","樂士","212,657","103","3,328,747","15.25","15.90","15.25","15.80","+","0.75","15.65","14","15.85","2","26.78",
"1530","亞崴","104,343","62","3,585,781","34.30","34.80","34.05","34.60","+","1.25","34.50","2","34.75","5","44.94",
"1531","高林股","318,388","172","4,332,436","12.80","14.10","12.80","14.00","+","1.00","14.00","23","14.05","3","0.00",
"1532","勤美","1,048,245","482","33,195,439","30.10","32.45","30.10","32.35","+","2.30","32.35","8","32.40","6","15.40",
"1533","車王電","813,605","564","39,866,988","47.10","49.95","45.95","49.95","+","4.50","49.95","744","--","0","59.46",
"1535","中宇","194,703","104","7,152,711","35.35","37.45","35.35","37.20","+","2.15","37.10","3","37.25","1","17.97",
"1536","和大","1,287,797","1,107","111,480,383","83.50","88.50","83.50","88.10","+","5.30","88.00","27","88.10","1","124.08",
"1537","廣隆","235,302","196","33,734,838","142.00","145.00","141.00","143.50","+","2.00","143.50","15","144.00","1","13.14",
"1538","正峰","63,130","16","745,053","11.40","12.35","11.40","12.30","-","0.05","12.10","11","12.65","1","0.00",
"1539","巨庭","63,000","47","1,076,600","16.00","17.50","16.00","17.35","+","1.35","17.35","2","17.40","2","0.00",
"1540","喬福","183,383","116","2,811,319","14.85","15.60","14.85","15.55","+","0.85","15.55","7","15.60","3","0.00",
"1541","錩泰","87,500","64","3,982,749","43.35","47.95","43.35","47.50","+","3.30","47.35","10","47.50","8","9.08",
"1558","伸興","286,876","270","46,263,322","157.00","164.50","157.00","163.00","+","6.00","162.50","8","163.00","4","9.46",
"1560","中砂","692,521","499","42,384,800","59.90","62.50","59.30","62.40","+","3.90","62.30","10","62.40","5","16.64",
"1568","倉佑","1,124,680","558","27,033,332","22.80","24.40","22.75","23.80","+","1.60","23.80","7","24.25","2","85.00",
"1582","信錦","561,705","440","45,259,965","78.20","81.50","78.20","81.30","+","2.70","81.30","14","81.40","13","10.49",
"1583","程泰","32,000","10","1,965,400","61.00","62.40","61.00","61.90","+","1.80","61.10","1","61.50","1","25.16",
"1587","吉茂","762,031","364","19,621,635","24.40","26.50","24.40","26.50","+","2.15","26.35","12","26.50","37","9.04",
"1589","永冠-KY","2,187,925","1,420","155,492,824","68.80","72.80","68.80","71.90","+","3.50","71.80","21","71.90","2","10.59",
"1590","亞德客-KY","571,778","618","575,138,287","998.00","1,035.00","980.00","1,020.00","+","50.00","1,020.00","2","1,025.00","7","32.74",
"1592","英瑞-KY","2,623,382","507","6,823,836","2.56","2.98","2.53","2.85","+","0.04","2.80","13","2.85","1","0.00",
"1597","直得","872,695","676","81,187,723","89.00","95.60","89.00","93.90","+","4.80","93.60","3","94.30","3","33.66",
"1598","岱宇","3,290,634","2,167","267,002,083","80.20","83.80","78.10","82.90","+","4.40","82.90","8","83.00","48","6.64",
"1603","華電","2,600,858","1,007","77,182,684","28.75","30.35","28.00","30.20","+","2.60","30.10","11","30.20","11","12.28",
"1604","聲寶","1,552,089","840","43,258,893","27.15","28.20","27.15","28.20","+","0.90","28.20","37","28.25","26","5.63",
"1605","華新","48,570,651","13,551","1,094,653,676","21.90","22.90","21.35","22.90","+","2.05","22.90","15,724","--","0","9.27",
"1608","華榮","19,878,819","6,145","454,940,669","22.10","23.35","21.60","23.35","+","2.10","23.35","495","--","0","4.39",
"1609","大亞","37,402,598","12,051","890,863,839","23.10","24.30","22.60","24.30","+","2.20","24.30","1,330","--","0","12.46",
"1611","中電","1,861,821","821","19,315,456","10.00","10.70","9.96","10.65","+","0.85","10.65","9","10.70","76","39.44",
"1612","宏泰","6,179,955","2,783","134,589,175","21.00","22.40","20.60","22.40","+","2.00","22.40","30","--","0","9.49",
"1614","三洋電","190,000","100","6,098,050","31.35","32.80","31.35","32.40","+","1.05","32.40","2","32.60","3","22.19",
"1615","大山","1,131,043","716","38,077,021","31.65","34.55","31.65","34.55","+","3.10","34.55","14","--","0","12.04",
"1616","億泰","2,229,708","612","16,907,827","7.15","7.81","7.10","7.81","+","0.71","7.81","1,217","--","0","60.08",
"1617","榮星","863,167","359","14,310,457","16.00","16.85","15.60","16.85","+","1.50","16.85","45","--","0","13.48",
"1618","合機","3,398,680","1,244","49,814,787","13.80","15.15","13.70","15.15","+","1.35","15.15","16","--","0","11.48",
"1626","艾美特-KY","165,001","87","3,988,875","24.00","24.45","23.80","24.25","+","0.60","24.25","18","24.35","1","19.40",
"1701","中化","3,702,316","1,757","84,215,528","22.95","23.25","22.20","23.10"," ","0.00","23.10","6","23.15","46","11.97",
"1702","南僑","2,656,246","1,691","138,969,397","51.00","53.60","50.00","53.30","+","3.80","53.20","14","53.30","27","11.44",
"1707","葡萄王","304,720","400","50,446,062","163.50","167.00","163.50","166.50","+","2.00","166.00","12","167.00","15","19.87",
"1708","東鹼","1,781,330","828","45,540,546","24.85","26.15","24.85","25.95","+","1.30","25.95","12","26.00","26","29.83",
"1709","和益","2,866,598","1,200","48,701,372","16.65","17.30","16.45","17.25","+","0.85","17.20","20","17.25","18","11.50",
"1710","東聯","7,012,066","2,166","137,301,694","18.90","20.10","18.70","20.10","+","1.40","20.05","69","20.10","155","0.00",
"1711","永光","8,945,824","4,061","156,591,647","17.65","17.90","17.20","17.70","-","0.65","17.65","49","17.70","66","36.12",
"1712","興農","1,253,782","686","26,705,817","20.85","21.50","20.85","21.50","+","0.60","21.45","39","21.50","61","9.56",
"1713","國化","283,578","133","5,962,806","20.25","21.45","20.25","21.30","+","1.20","21.20","2","21.30","7","29.18",
"1714","和桐","66,610,999","15,400","772,369,923","12.05","12.05","11.20","11.65","-","0.55","11.60","732","11.65","125","6.16",
"1717","長興","3,030,620","1,164","111,166,143","36.65","36.70","36.50","36.70","+","3.30","36.70","9,356","--","0","14.45",
"1718","中纖","34,411,543","7,702","316,045,877","8.82","9.50","8.77","9.48","+","0.81","9.47","28","9.48","336","7.97",
"1720","生達","1,923,730","1,140","76,247,975","39.50","40.20","38.90","39.95","+","1.35","39.90","15","39.95","12","11.65",
"1721","三晃","630,929","205","5,971,847","9.14","9.68","9.14","9.61","+","0.44","9.61","6","9.62","6","3.57",
"1722","台肥","4,518,432","1,668","249,658,717","53.90","56.10","53.90","55.60","+","1.60","55.60","21","55.70","1","26.99",
"1723","中碳","484,931","352","51,473,304","103.00","107.50","103.00","107.00","+","5.00","107.00","5","107.50","17","32.23",
"1724","台硝","96,483","65","1,525,543","15.80","15.85","15.80","15.85"," ","0.00","15.80","560","15.85","47","0.00",
"1725","元禎","577,075","364","10,220,464","17.15","18.60","17.15","17.65","+","0.50","17.65","10","17.70","1","11.03",
"1726","永記","93,133","65","6,793,707","72.00","73.50","72.00","73.30","+","1.40","72.90","5","73.20","1","12.73",
"1727","中華化","124,514","68","1,468,206","11.55","11.90","11.55","11.80","+","0.30","11.75","5","11.80","1","56.19",
"1730","花仙子","1,105,187","953","78,702,657","73.80","74.00","70.00","70.90","-","2.40","70.80","16","70.90","3","12.53",
"1731","美吾華","9,408,742","4,416","204,211,136","22.70","22.70","21.10","21.60","-","1.75","21.55","179","21.60","19","15.88",
"1732","毛寶","22,128,428","10,756","1,089,250,122","49.85","49.85","47.35","49.85","+","4.50","49.85","799","--","0","66.47",
"1733","五鼎","558,283","371","13,055,258","23.10","23.80","23.00","23.65","+","0.75","23.60","6","23.70","10","20.04",
"1734","杏輝","13,240,957","7,912","453,998,883","35.50","36.05","32.50","33.95","-","0.80","33.90","10","33.95","39","0.00",
"1735","日勝化","38,006","22","673,608","17.45","18.25","17.45","17.80","+","0.90","17.00","21","17.65","15","41.40",
"1736","喬山","1,103,563","776","79,473,935","70.00","74.50","68.50","73.80","+","4.00","73.70","4","73.80","6","22.36",
"1737","臺鹽","558,571","360","17,601,592","30.85","31.90","30.85","31.85","+","0.75","31.85","3","31.90","6","15.85",
"1760","寶齡富錦","24,168,290","16,112","2,566,385,537","110.00","110.00","97.90","107.50","+","7.00","107.00","212","107.50","23","3,583.33",
"1762","中化生","8,203,052","4,740","518,051,893","65.30","65.70","60.40","63.90","-","1.40","63.90","23","64.00","10","8.22",
"1773","勝一","337,492","334","36,960,712","108.50","110.50","107.00","110.50","+","2.50","110.00","4","111.00","10","15.54",
"1776","展宇","28,606","27","489,860","16.20","17.90","16.20","17.00","+","0.25","16.95","5","17.00","1","21.25",
"1783","和康生","2,043,426","1,171","65,581,780","33.70","34.45","30.55","31.80","-","1.90","31.75","3","31.80","29","29.44",
"1786","科妍","151,136","125","7,341,411","46.40","50.30","46.00","50.00","+","2.70","50.00","2","50.20","1","26.18",
"1789","神隆","3,450,466","1,868","90,046,063","26.60","26.70","25.75","26.20","-","0.40","26.20","25","26.25","3","60.93",
"1795","美時","8,036,767","5,208","661,460,756","84.60","85.50","78.00","83.90","+","1.40","83.80","3","83.90","7","15.31",
"1802","台玻","80,245,954","22,810","2,233,285,183","27.00","28.40","26.25","28.40","+","2.55","28.40","2,384","--","0","16.23",
"1805","寶徠","1,079,741","260","13,550,788","11.80","12.95","11.80","12.95","+","1.15","12.95","20","--","0","0.00",
"1806","冠軍","6,725,239","2,284","70,134,239","9.90","10.75","9.88","10.75","+","0.94","10.75","108","--","0","0.00",
"1808","潤隆","133,905","113","6,765,608","49.25","51.40","49.25","51.20","+","2.15","51.10","11","51.20","1","27.09",
"1809","中釉","2,913,146","1,173","36,693,108","12.15","12.90","12.00","12.90","+","1.15","12.90","10","--","0","0.00",
"1810","和成","1,780,505","597","18,476,636","9.90","10.70","9.86","10.60","+","0.80","10.60","18","10.65","17","53.00",
"1817","凱撒衛","90,612","84","3,149,332","33.70","35.40","33.70","35.25","+","1.55","35.25","2","35.30","1","10.62",
"1903","士紙","405,532","284","20,137,161","48.00","50.70","48.00","50.30","+","2.90","50.30","3","50.40","3","1,257.50",
"1904","正隆","7,645,378","4,504","301,162,788","38.05","40.30","37.55","40.00","+","2.50","40.00","6","40.05","9","10.90",
"1905","華紙","47,437,610","17,508","1,023,866,215","21.30","22.15","20.00","22.15","+","2.00","22.15","815","--","0","2,215.00",
"1906","寶隆","2,769,762","632","47,870,730","16.90","17.55","16.50","17.55","+","1.15","17.50","1","17.55","47","26.59",
"1907","永豐餘","11,780,615","5,324","375,974,785","30.25","32.55","29.85","32.55","+","2.95","32.55","192","--","0","8.82",
"1909","榮成","43,979,191","14,107","905,708,022","19.85","21.40","19.35","21.40","+","1.65","21.35","142","21.40","58","20.98",
"2002","中鋼","123,544,505","33,431","4,248,105,582","34.00","34.80","33.60","34.80","+","3.15","34.80","61,261","--","0","43.50",
"2002A","中鋼特","61,217","37","3,152,603","51.20","51.80","51.20","51.80","+","0.30","51.40","2","51.80","1","0.00",
"2006","東和鋼鐵","11,057,685","3,995","514,800,172","45.20","47.05","44.50","47.05","+","4.25","47.05","6,479","--","0","11.23",
"2007","燁興","25,664,222","7,786","337,513,542","11.85","13.70","11.85","13.35","+","0.85","13.35","109","13.40","1","0.00",
"2008","高興昌","765,620","330","11,591,334","14.30","15.30","14.30","15.30","+","1.35","15.30","83","--","0","153.00",
"2009","第一銅","41,356,730","15,383","2,061,577,913","48.50","50.90","47.20","50.90","+","4.55","50.90","13,082","--","0","46.27",
"2010","春源","12,276,308","3,847","232,010,763","18.25","19.25","17.75","19.25","+","1.75","19.25","470","--","0","17.50",
"2012","春雨","566,083","234","13,423,863","23.50","23.75","23.50","23.75","+","2.15","23.75","899","--","0","19.63",
"2013","中鋼構","3,823,728","2,173","148,134,524","36.50","39.45","36.50","39.45","+","3.55","39.45","38","--","0","11.85",
"2014","中鴻","144,184,885","37,982","5,812,679,871","39.25","40.95","38.40","40.95","+","3.70","40.95","11,602","--","0","24.97",
"2015","豐興","1,357,099","1,022","99,413,944","69.70","74.10","69.70","74.10","+","6.70","74.10","333","--","0","15.50",
"2017","官田鋼","8,251,203","2,728","143,789,470","16.55","17.85","16.20","17.85","+","1.60","17.85","513","--","0","26.25",
"2020","美亞","7,093,289","3,009","204,680,519","27.90","29.30","27.50","29.30","+","2.65","29.30","513","--","0","8.99",
"2022","聚亨","18,867,431","5,891","236,574,171","11.85","13.00","11.30","13.00","+","1.15","13.00","1,323","--","0","61.90",
"2023","燁輝","65,525,470","16,800","1,290,494,298","19.05","20.00","18.55","20.00","+","1.80","20.00","4,229","--","0","17.54",
"2024","志聯","167,493","90","2,599,111","14.95","15.65","14.90","15.65","+","1.40","15.65","136","--","0","26.98",
"2025","千興","445,002","54","1,373,094","2.93","3.09","2.93","3.09","+","0.28","3.09","374","--","0","0.00",
"2027","大成鋼","41,313,208","11,859","1,543,619,285","36.75","37.75","36.00","37.75","+","3.40","37.75","5,179","--","0","55.51",
"2028","威致","3,605,289","1,523","104,206,519","28.45","29.20","27.50","29.20","+","2.65","29.20","165","--","0","11.10",
"2029","盛餘","13,921,780","6,329","429,783,301","29.30","31.90","28.95","31.85","+","2.55","31.75","136","31.85","61","19.42",
"2030","彰源","9,042,902","2,664","153,807,230","16.30","17.35","16.05","17.35","+","1.55","17.35","348","--","0","17.18",
"2031","新光鋼","19,045,456","6,589","1,051,341,398","53.50","56.10","52.50","56.10","+","5.10","56.10","872","--","0","11.13",
"2032","新鋼","3,525,654","1,237","58,102,430","15.50","16.80","15.45","16.80","+","1.50","16.80","1,333","--","0","18.26",
"2033","佳大","1,756,544","777","25,964,353","13.50","15.20","13.50","15.20","+","1.35","15.20","31","--","0","60.80",
"2034","允強","11,234,687","4,333","323,002,826","27.60","29.25","27.30","29.25","+","2.65","29.25","265","--","0","26.83",
"2038","海光","7,507,430","2,322","191,037,973","25.20","26.05","24.50","26.05","+","2.35","26.05","1,447","--","0","21.53",
"2049","上銀","2,021,893","1,927","676,137,923","326.00","341.00","322.50","339.50","+","21.50","338.00","18","339.50","4","43.30",
"2059","川湖","188,896","216","71,672,478","370.00","384.00","370.00","383.50","+","21.50","382.50","1","383.50","4","32.04",
"2062","橋椿","439,640","292","11,627,937","25.20","26.95","25.20","26.85","+","2.00","26.70","5","26.85","3","47.11",
"2069","運錩","1,804,171","723","36,366,654","19.25","20.50","19.25","20.50","+","1.85","20.50","131","--","0","13.95",
"2101","南港","1,747,752","811","63,424,620","35.65","36.90","35.35","36.90","+","1.90","36.90","13","36.95","19","25.10",
"2102","泰豐","3,910,472","1,434","89,456,713","22.10","23.55","22.00","22.90","+","0.85","22.90","56","23.00","10","0.00",
"2103","台橡","18,202,073","7,264","525,473,148","28.25","29.65","27.60","29.40","+","2.05","29.40","18","29.45","1","29.70",
"2104","國際中橡","6,092,267","2,441","141,789,111","22.65","23.85","22.45","23.50","+","1.05","23.50","35","23.60","28","19.11",
"2105","正新","9,764,752","4,977","420,280,913","41.45","43.95","41.35","43.75","+","2.45","43.75","49","43.80","20","14.49",
"2106","建大","2,736,005","1,336","102,273,435","36.90","37.95","36.20","37.75","+","1.55","37.75","23","37.80","53","15.73",
"2107","厚生","2,215,212","951","49,989,988","21.90","23.00","21.85","22.85","+","1.15","22.85","4","22.90","35","9.07",
"2108","南帝","25,830,531","16,849","3,023,977,414","115.50","122.00","109.00","120.00","+","4.50","119.50","34","120.00","154","10.07",
"2109","華豐","946,075","377","16,524,934","16.70","18.00","16.60","17.95","+","1.55","17.85","2","17.95","2","11.36",
"2114","鑫永銓","248,431","220","28,638,619","107.00","118.00","107.00","117.50","+","9.50","117.00","6","118.00","45","15.42",
"2115","六暉-KY","267,189","182","11,611,731","41.85","45.00","41.85","44.45","+","1.90","44.40","2","44.80","1","6.11",
"2201","裕隆","7,352,487","3,503","278,152,504","36.50","38.95","36.50","38.85","+","2.85","38.80","13","38.90","53","9.84",
"2204","中華","2,918,385","1,519","193,623,118","64.50","67.70","64.40","67.40","+","3.60","67.30","38","67.40","3","9.44",
"2206","三陽工業","2,759,659","1,416","74,130,464","26.50","27.35","26.15","27.10","+","1.15","27.10","2","27.15","14","11.29",
"2207","和泰車","385,436","508","206,276,908","521.00","543.00","521.00","543.00","+","25.00","542.00","5","543.00","7","19.28",
"2208","台船","10,380,354","4,119","202,447,379","18.60","20.05","18.55","20.05","+","1.80","20.05","656","--","0","0.00",
"2211","長榮鋼","1,729,906","1,262","85,675,132","46.20","50.40","46.20","50.40","+","4.50","50.40","19","--","0","20.00",
"2227","裕日車","150,776","179","39,311,587","260.00","262.50","257.50","262.50","+","5.50","262.50","4","263.00","9","10.98",
"2228","劍麟","89,200","71","6,206,100","67.20","70.10","67.20","69.30","+","3.10","69.30","1","69.90","1","52.50",
"2231","為升","1,882,091","1,464","342,479,776","173.00","187.00","172.00","187.00","+","17.00","187.00","21","--","0","64.93",
"2233","宇隆","1,042,052","751","103,137,772","94.90","101.50","94.60","101.50","+","9.20","101.50","13","--","0","14.32",
"2236","百達-KY","20,238","10","452,235","22.05","22.80","22.05","22.80","+","0.60","22.80","5","23.00","8","18.69",
"2239","英利-KY","205,000","140","17,318,200","80.50","86.10","80.50","86.10","+","7.80","86.10","4","--","0","13.89",
"2241","艾姆勒","132,274","99","6,761,032","49.05","52.80","49.05","52.30","+","3.30","52.20","4","52.30","1","0.00",
"2243","宏旭-KY","28,000","21","263,410","9.18","9.49","9.18","9.20","+","0.15","9.20","3","9.39","1","0.00",
"2247","汎德永業","126,480","171","27,852,012","215.00","224.50","214.50","223.00","+","10.00","222.50","3","223.00","1","14.31",
"2301","光寶科","5,852,650","3,115","362,395,615","61.10","62.70","60.80","62.00","+","0.90","62.00","323","62.10","5","11.33",
"2302","麗正","1,532,056","526","24,303,541","15.05","16.50","15.05","16.50","+","1.50","16.50","31","--","0","21.71",
"2303","聯電","280,228,999","76,531","13,351,727,305","46.25","48.30","46.00","48.30","+","4.35","48.30","6,509","--","0","15.99",
"2305","全友","2,346,603","763","18,587,453","7.47","8.12","7.47","8.12","+","0.73","8.12","28","--","0","50.75",
"2308","台達電","9,237,328","7,971","2,523,975,470","270.00","276.00","267.50","274.50","+","8.00","274.50","80","275.00","49","23.77",
"2312","金寶","22,752,711","6,130","289,546,562","12.50","13.10","12.05","13.00","+","0.95","13.00","138","13.05","170","100.00",
"2313","華通","7,897,292","3,866","274,244,791","34.00","35.70","33.30","35.60","+","2.35","35.60","60","35.65","41","9.08",
"2314","台揚","5,258,911","2,291","153,045,590","28.10","29.75","27.30","29.75","+","2.70","29.70","81","29.75","71","0.00",
"2316","楠梓電","1,204,074","733","32,474,971","25.80","27.70","25.80","27.60","+","2.40","27.60","4","27.65","4","11.36",
"2317","鴻海","81,996,675","38,862","8,583,172,481","101.50","107.50","101.00","107.00","+","8.80","106.50","438","107.00","2,479","11.59",
"2321","東訊","40,734","23","273,611","6.51","7.35","6.51","7.35","+","0.35","7.15","1","7.35","1","0.00",
"2323","中環","15,407,086","3,632","147,752,233","9.26","9.81","9.22","9.79","+","0.74","9.78","19","9.79","19","9.32",
"2324","仁寶","25,450,991","7,858","573,221,412","22.10","22.90","22.00","22.90","+","1.00","22.90","71","22.95","485","8.77",
"2327","國巨","13,719,420","11,770","6,046,600,102","435.00","449.00","428.50","449.00","+","33.50","448.50","7","449.00","106","14.22",
"2328","廣宇","12,155,332","5,842","430,146,914","33.90","36.15","33.80","36.15","+","3.25","36.15","263","--","0","23.03",
"2329","華泰","8,666,761","2,290","125,403,359","13.95","14.85","13.80","14.85","+","1.35","14.85","128","--","0","0.00",
"2330","台積電","44,584,258","52,152","25,226,153,189","563.00","573.00","555.00","572.00","+","23.00","571.00","19","572.00","297","27.43",
"2331","精英","7,847,036","3,210","179,210,151","21.50","23.40","21.45","23.40","+","2.10","23.40","129","--","0","390.00",
"2332","友訊","5,931,813","2,346","106,961,582","17.40","18.60","17.35","18.40","+","1.35","18.40","11","18.45","11","8.89",
"2337","旺宏","49,977,973","18,034","1,870,886,830","35.95","38.35","35.75","38.35","+","3.45","38.35","1,627","--","0","14.15",
"2338","光罩","9,602,071","5,057","640,420,357","65.00","67.90","64.00","67.90","+","6.10","67.90","764","--","0","11.30",
"2340","光磊","4,098,722","1,725","96,871,672","23.00","24.25","22.65","24.15","+","1.75","24.10","24","24.15","5","12.78",
"2342","茂矽","2,607,408","1,202","73,190,727","27.10","28.90","26.90","28.90","+","2.60","28.90","89","--","0","12.19",
"2344","華邦電","77,331,398","21,075","2,151,306,755","27.00","28.20","26.50","28.20","+","2.55","28.20","5,549","--","0","37.60",
"2345","智邦","3,653,533","3,153","1,051,161,800","281.00","295.00","276.50","295.00","+","22.00","294.50","1","295.00","6","32.00",
"2347","聯強","8,779,204","4,281","503,805,798","56.30","58.50","56.10","58.20","+","2.20","58.20","40","58.30","14","10.92",
"2348","海悅","743,231","619","69,285,316","89.60","95.10","89.60","93.90","+","4.90","93.90","2","94.00","9","5.40",
"2349","錸德","7,546,576","2,203","66,546,416","8.55","9.17","8.35","9.04","+","0.67","9.04","24","9.05","11","0.00",
"2351","順德","2,455,509","1,646","196,636,100","77.30","82.50","77.30","82.50","+","7.50","82.40","2","82.50","97","30.90",
"2352","佳世達","14,132,892","6,335","400,409,297","27.15","29.00","27.10","29.00","+","2.60","28.95","176","29.00","789","8.31",
"2353","宏碁","54,578,009","21,467","1,599,959,068","28.65","30.10","28.25","29.70","+","1.45","29.70","41","29.75","225","10.84",
"2354","鴻準","9,865,396","5,699","606,621,893","59.30","62.80","59.30","62.70","+","4.90","62.60","35","62.70","80","17.04",
"2355","敬鵬","2,670,000","1,248","68,192,520","24.30","26.25","24.30","26.25","+","2.25","26.20","13","26.25","7","0.00",
"2356","英業達","9,984,249","4,093","249,315,128","24.45","25.20","24.45","25.15","+","0.80","25.10","143","25.15","77","15.92",
"2357","華碩","6,730,324","5,276","2,551,123,608","370.00","384.50","369.50","384.00","+","16.00","383.00","6","384.00","54","8.04",
"2358","廷鑫","856,164","508","11,597,371","13.00","14.00","12.95","13.65","+","0.90","13.65","12","13.75","5","341.25",
"2359","所羅門","487,883","248","8,030,530","16.00","16.75","15.95","16.75","+","0.85","16.70","9","16.75","12","49.26",
"2360","致茂","855,080","725","159,046,152","182.00","189.00","180.00","186.50","+","6.50","186.50","7","187.00","38","19.09",
"2362","藍天","554,940","333","16,048,967","28.85","29.20","28.35","29.20","+","0.75","29.15","8","29.25","10","14.75",
"2363","矽統","15,155,237","4,878","279,576,055","17.70","18.75","17.60","18.75","+","1.70","18.75","1,316","--","0","0.00",
"2364","倫飛","69,025","35","220,642","3.20","3.22","3.14","3.22","+","0.10","3.22","1","3.24","5","20.12",
"2365","昆盈","6,141,091","2,208","73,719,830","12.10","12.35","11.70","12.20","-","0.05","12.20","137","12.25","65","15.25",
"2367","燿華","7,202,396","3,133","133,045,571","18.25","18.85","17.95","18.85","+","0.80","18.85","64","18.90","32","0.00",
"2368","金像電","37,084,381","18,168","1,850,110,356","48.40","52.60","47.10","50.50","+","2.25","50.40","64","50.50","58","12.08",
"2369","菱生","6,475,453","2,071","94,204,915","13.90","14.90","13.85","14.90","+","1.35","14.90","101","--","0","0.00",
"2371","大同","24,216,852","5,292","532,204,431","20.70","22.50","20.70","22.40","+","1.85","22.40","56","22.45","4","0.00",
"2373","震旦行","62,310","74","5,610,843","89.10","90.90","89.10","90.90","+","0.90","90.20","4","90.90","1","13.19",
"2374","佳能","666,963","364","9,632,648","13.85","14.70","13.85","14.65","+","0.90","14.60","17","14.65","2","0.00",
"2375","凱美","7,749,580","5,224","735,446,116","94.90","97.50","91.30","96.90","+","8.00","96.80","10","96.90","130","18.89",
"2376","技嘉","28,455,160","15,141","3,198,234,946","110.00","116.50","106.00","115.00","+","8.50","115.00","177","115.50","273","11.33",
"2377","微星","8,598,721","5,414","1,487,611,939","170.00","178.00","167.00","176.00","+","10.00","176.00","59","176.50","100","13.66",
"2379","瑞昱","3,907,126","3,776","1,821,073,754","446.00","481.00","446.00","470.00","+","30.50","469.50","1","470.00","17","23.49",
"2380","虹光","2,331,566","988","27,252,299","11.45","12.15","11.05","11.90","+","0.50","11.90","35","11.95","2","0.00",
"2382","廣達","15,650,771","7,282","1,391,931,696","87.60","90.30","86.50","90.00","+","1.70","90.00","370","90.10","42","11.63",
"2383","台光電","1,978,008","1,479","312,185,597","157.00","160.50","155.00","159.00","+","4.00","159.00","24","159.50","15","13.50",
"2385","群光","4,644,325","3,460","365,076,725","77.70","79.60","77.60","79.00","+","0.80","79.00","8","79.10","2","7.93",
"2387","精元","2,552,195","1,557","131,081,757","48.50","52.30","48.50","52.30","+","4.75","52.20","27","52.30","35","6.73",
"2388","威盛","2,873,129","1,751","122,391,756","41.60","43.85","40.60","43.70","+","3.80","43.65","9","43.70","19","3.38",
"2390","云辰","38,842,103","16,151","846,131,498","22.85","22.85","20.80","21.55","-","1.30","21.55","128","21.60","18","3.16",
"2392","正崴","2,895,076","1,416","110,139,519","37.20","38.90","37.00","38.85","+","1.95","38.80","34","38.85","30","9.55",
"2393","億光","3,994,283","2,204","161,621,524","39.60","41.50","39.25","41.45","+","2.90","41.35","1","41.45","5","11.26",
"2395","研華","1,038,204","855","337,858,292","321.50","330.00","318.50","327.50","+","5.00","326.50","49","327.50","2","32.17",
"2397","友通","22,020","21","1,307,400","59.90","59.90","58.40","59.30","+","1.80","59.20","3","59.50","2","20.81",
"2399","映泰","6,144,647","2,591","129,267,524","20.50","21.55","20.00","21.55","+","1.95","21.55","471","--","0","16.08",
"2401","凌陽","24,757,527","9,089","616,248,819","24.50","25.70","23.65","25.70","+","2.30","25.65","37","25.70","519","22.74",
"2402","毅嘉","2,774,178","931","42,687,588","14.75","15.85","14.75","15.80","+","1.35","15.80","24","15.85","90","30.98",
"2404","漢唐","1,498,010","1,486","334,447,611","218.50","226.00","218.50","225.50","+","11.00","225.50","16","226.00","40","10.65",
"2405","浩鑫","3,299,050","1,076","37,745,728","11.00","11.85","10.95","11.85","+","1.05","11.80","22","11.85","3","39.50",
"2406","國碩","3,781,154","1,512","62,711,084","16.25","17.25","16.00","17.15","+","1.40","17.15","48","17.20","153","16.81",
"2408","南亞科","22,596,886","10,911","1,702,089,888","73.00","77.50","72.80","76.80","+","5.10","76.80","5","76.90","32","28.03",
"2409","友達","314,458,360","47,462","6,860,575,942","21.45","22.00","21.15","22.00","+","2.00","22.00","41,428","--","0","10.33",
"2412","中華電","12,191,840","2,738","1,375,373,980","112.00","113.50","112.00","113.50","+","1.00","113.00","181","113.50","2,139","25.97",
"2413","環科","1,130,655","540","22,649,402","19.10","20.25","19.10","20.25","+","1.80","20.25","53","--","0","77.88",
"2414","精技","449,929","317","12,398,834","26.60","28.00","26.60","27.70","+","1.20","27.70","4","27.75","3","11.08",
"2415","錩新","1,004,264","582","31,820,885","29.75","32.15","29.75","32.15","+","2.90","32.15","141","--","0","28.96",
"2417","圓剛","26,020,808","15,846","1,268,897,563","48.50","51.60","47.10","48.00","-","0.45","47.95","282","48.00","261","6.77",
"2419","仲琦","890,690","492","17,688,493","19.25","20.25","19.25","20.25","+","1.20","20.15","3","20.25","7","20.88",
"2420","新巨","439,947","253","15,782,246","35.05","36.15","35.05","36.15","+","1.15","36.10","33","36.15","2","12.21",
"2421","建準","1,259,574","949","53,801,844","42.50","43.40","42.10","42.70","+","0.70","42.70","5","42.75","6","12.63",
"2423","固緯","154,602","99","3,594,611","22.80","23.75","22.80","23.50","+","0.50","23.30","1","23.50","2","16.79",
"2424","隴華","7,391","9","192,384","25.50","26.40","25.50","26.40","X","0.00","24.00","1","--","0","0.00",
"2425","承啟","1,430,108","758","42,371,095","29.30","30.05","28.75","29.55","+","0.90","29.55","18","29.60","11","14.56",
"2426","鼎元","5,269,010","1,990","118,258,496","21.40","23.00","21.40","23.00","+","2.05","23.00","17","--","0","11.27",
"2427","三商電","408,000","177","4,617,800","10.90","11.55","10.90","11.55","+","0.65","11.50","4","11.55","10","16.04",
"2428","興勤","612,934","508","93,571,997","147.50","156.50","147.00","156.00","+","13.00","155.50","4","156.00","15","12.55",
"2429","銘旺科","110,000","47","1,737,650","15.70","16.80","15.20","16.80","+","1.10","16.30","1","16.85","1","0.00",
"2430","燦坤","1,266,839","668","33,146,974","25.50","26.75","25.50","26.45","+","1.35","26.40","2","26.50","5","11.60",
"2431","聯昌","1,641,464","738","20,149,743","11.60","12.75","11.60","12.60","+","1.00","12.60","32","12.65","16","6.67",
"2433","互盛電","123,751","98","6,288,451","50.10","51.40","50.00","51.30","+","0.70","51.30","1","51.40","1","13.19",
"2434","統懋","11,931","15","458,643","37.00","40.00","37.00","38.75","+","1.75","37.20","3","38.95","1","94.51",
"2436","偉詮電","20,164,031","9,859","1,152,256,655","56.60","58.50","54.50","58.50","+","5.30","58.50","739","--","0","15.77",
"2438","翔耀","71,106","49","765,138","10.10","11.00","10.10","10.80","+","0.75","10.80","3","10.95","5","135.00",
"2439","美律","2,989,345","2,136","300,859,292","101.50","103.00","99.20","101.00"," ","0.00","101.00","72","101.50","1","16.32",
"2440","太空梭","1,484,935","637","23,810,431","14.15","16.65","14.15","16.65","+","1.50","16.65","6","--","0","8.08",
"2441","超豐","2,164,631","1,544","139,550,326","62.00","66.00","61.70","65.80","+","5.60","65.80","2","65.90","12","12.28",
"2442","新美齊","1,139,741","425","11,117,570","9.30","10.00","9.30","9.89","+","0.69","9.89","3","9.92","6","6.96",
"2443","億麗","208,709","57","582,691","2.60","2.83","2.60","2.79","+","0.21","2.75","11","2.79","1","0.00",
"2444","兆勁","996,280","382","11,566,433","11.10","12.15","11.10","12.10","+","1.00","12.00","13","12.10","1","0.00",
"2449","京元電子","15,926,733","8,190","660,932,728","40.60","42.45","40.10","42.15","+","2.70","42.15","10","42.20","66","13.25",
"2450","神腦","325,076","234","10,165,147","30.00","32.80","30.00","31.20","+","1.10","31.15","4","31.20","1","16.08",
"2451","創見","2,988,348","1,905","205,554,692","66.50","70.40","66.00","69.30","+","2.80","69.30","8","69.40","2","23.02",
"2453","凌群","1,145,136","661","26,683,910","22.35","23.90","22.30","23.80","+","2.05","23.75","2","23.80","4","12.66",
"2454","聯發科","16,451,932","18,896","15,952,272,681","940.00","994.00","920.00","994.00","+","80.00","993.00","14","994.00","131","25.89",
"2455","全新","1,843,270","1,415","176,648,394","94.10","98.00","93.50","97.80","+","5.00","97.60","2","97.80","4","29.37",
"2456","奇力新","3,806,967","3,042","343,474,132","89.60","91.60","88.30","91.30","+","5.00","91.20","32","91.30","2","13.71",
"2457","飛宏","21,891,829","8,731","602,581,650","26.85","28.15","26.05","28.15","+","2.55","28.15","167","--","0","0.00",
"2458","義隆","4,754,627","3,490","924,207,092","190.00","199.00","188.50","197.00","+","9.00","196.50","16","197.00","40","13.38",
"2459","敦吉","164,493","119","8,531,331","50.50","52.80","50.50","52.60","+","1.60","52.60","1","52.70","10","11.29",
"2460","建通","3,425,692","1,565","95,603,133","26.90","28.40","26.65","28.40","+","2.55","28.40","438","--","0","45.08",
"2461","光群雷","4,961,762","1,154","93,921,821","18.30","19.45","18.05","19.45","+","1.75","19.45","2","--","0","11.51",
"2462","良得電","302,446","170","8,397,029","26.40","28.40","26.40","28.30","+","1.80","28.15","4","28.30","10","35.38",
"2464","盟立","1,319,794","824","54,411,790","39.40","42.20","39.40","42.00","+","2.90","41.95","14","42.00","11","16.03",
"2465","麗臺","3,615,798","1,920","144,616,172","37.80","41.30","37.50","41.30","+","3.75","41.30","25","--","0","20.96",
"2466","冠西電","77,000","66","2,436,800","31.95","32.05","31.10","31.85","-","0.10","31.85","5","31.90","4","289.55",
"2467","志聖","956,648","650","46,670,188","47.00","49.80","46.85","49.75","+","3.85","49.75","3","49.80","13","14.68",
"2468","華經","307,529","131","4,126,038","13.05","13.70","13.05","13.50","+","0.80","13.50","1","13.55","3","29.35",
"2471","資通","387,141","211","9,794,374","24.50","25.90","24.30","25.75","+","1.85","25.70","6","25.75","10","11.44",
"2472","立隆電","1,972,925","1,270","114,450,395","55.30","59.50","55.30","59.50","+","5.30","59.40","12","59.50","50","12.02",
"2474","可成","5,020,301","3,114","880,914,327","175.00","177.50","173.00","176.50","+","5.00","176.50","20","177.00","80","6.82",
"2476","鉅祥","2,449,105","1,150","74,751,133","29.30","31.30","29.30","31.20","+","2.35","31.15","9","31.20","12","13.22",
"2477","美隆電","1,345,122","715","43,878,339","31.60","33.80","31.60","33.60","+","2.25","33.60","14","33.70","15","4.05",
"2478","大毅","2,031,216","1,458","128,027,108","61.50","65.10","60.50","64.90","+","5.70","64.80","6","64.90","29","13.75",
"2480","敦陽科","460,087","377","31,243,983","66.70","69.50","66.60","68.20","+","2.30","68.20","3","68.50","1","14.18",
"2481","強茂","8,107,311","3,760","345,436,823","40.75","43.55","40.75","43.55","+","3.95","43.55","109","--","0","13.32",
"2482","連宇","194,904","113","2,070,881","9.95","10.90","9.95","10.90","+","0.98","10.90","6","--","0","0.00",
"2483","百容","231,000","103","4,344,950","18.55","19.60","18.35","18.95","+","0.60","18.90","5","18.95","7","86.14",
"2484","希華","3,811,305","1,679","92,861,576","23.50","25.10","23.10","25.10","+","2.25","25.05","1","25.10","222","19.76",
"2485","兆赫","7,326,222","2,888","130,996,518","17.60","18.45","17.05","18.30","+","1.10","18.25","42","18.30","48","0.00",
"2486","一詮","4,588,341","1,819","118,672,938","24.90","26.60","24.80","26.55","+","2.15","26.50","40","26.55","22","663.75",
"2488","漢平","277,190","145","8,111,328","28.15","29.90","28.15","29.80","+","1.70","29.75","2","29.80","1","10.24",
"2489","瑞軒","24,149,933","6,915","373,780,041","14.65","15.80","14.65","15.80","+","1.40","15.80","110","--","0","2.23",
"2491","吉祥全","1,127,330","546","24,559,580","21.05","22.40","21.00","22.30","+","1.90","22.05","4","22.30","4","9.70",
"2492","華新科","9,075,312","6,389","1,741,832,249","192.00","196.00","187.50","194.50","+","10.50","194.50","14","195.00","164","11.87",
"2493","揚博","363,509","253","13,163,865","35.40","36.55","35.40","36.50","+","1.10","36.45","19","36.50","21","14.78",
"2495","普安","16,495,257","6,341","347,098,467","21.30","22.20","19.60","20.70","-","0.20","20.70","19","20.75","7","25.88",
"2496","卓越","17,000","16","986,300","55.40","58.70","55.40","58.00","+","2.50","57.10","2","58.00","3","17.26",
"2497","怡利電","523,000","290","14,480,150","25.90","28.20","25.80","28.20","+","2.55","28.10","1","--","0","0.00",
"2498","宏達電","12,571,737","5,851","423,506,238","33.20","34.50","32.65","34.25","+","2.15","34.20","22","34.25","9","0.00",
"2501","國建","1,367,140","684","26,391,146","19.00","19.50","19.00","19.40","+","0.40","19.40","46","19.45","21","13.66",
"2504","國產","5,614,537","1,982","125,069,314","21.15","22.95","21.15","22.90","+","2.00","22.85","80","22.90","10","9.87",
"2505","國揚","2,929,871","1,226","88,000,976","28.60","30.95","28.60","30.90","+","2.75","30.90","16","30.95","41","2.21",
"2506","太設","386,837","168","3,875,127","9.57","10.20","9.57","10.10","+","0.56","10.10","23","10.15","13","23.49",
"2509","全坤建","1,097,336","720","20,259,982","18.10","18.95","17.75","18.85","+","1.10","18.80","121","18.85","32","16.83",
"2511","太子","2,337,519","758","26,529,717","11.05","11.55","11.05","11.50","+","0.50","11.50","2","11.55","159","11.39",
"2514","龍邦","434,512","170","7,335,282","16.10","17.15","16.10","16.90","+","0.80","16.90","4","17.00","4","3.92",
"2515","中工","22,076,220","4,816","187,387,053","8.09","8.77","8.09","8.77","+","0.73","8.76","64","8.77","101","19.07",
"2516","新建","828,314","264","4,379,708","5.05","5.40","5.00","5.40","+","0.38","5.40","44","5.43","3","0.00",
"2520","冠德","3,316,874","1,791","119,333,299","35.90","36.55","35.00","36.40","+","1.95","36.40","1","36.45","4","5.01",
"2524","京城","122,460","87","4,365,586","35.35","36.50","34.30","35.95","+","0.60","35.55","1","35.95","1","8.10",
"2527","宏璟","831,712","480","18,366,926","21.25","22.75","21.25","22.50","+","1.55","22.50","10","22.55","9","10.56",
"2528","皇普","133,350","64","2,894,550","21.35","22.85","21.35","22.40","+","1.15","22.05","3","22.40","1","0.00",
"2530","華建","1,466,177","225","20,005,295","13.30","13.80","13.30","13.55","+","0.35","13.55","22","13.70","16","0.00",
"2534","宏盛","1,404,992","689","26,917,971","18.65","19.60","18.55","19.20","+","0.80","19.20","4","19.25","10","16.55",
"2535","達欣工","2,121,949","1,390","67,749,304","30.90","32.45","30.90","32.40","+","1.50","32.40","5","32.45","86","8.44",
"2536","宏普","238,989","153","5,011,186","20.50","21.25","20.50","21.20","+","0.95","21.05","1","21.20","5","14.04",
"2537","聯上發","1,309,931","429","11,213,727","8.08","8.78","8.08","8.76","+","0.77","8.75","9","8.76","1","25.76",
"2538","基泰","1,081,991","405","10,401,011","9.32","9.79","9.32","9.68","+","0.43","9.67","14","9.68","11","0.00",
"2539","櫻花建","214,533","124","6,646,299","30.50","31.50","30.50","31.25","+","0.20","31.20","157","31.25","12","25.61",
"2540","愛山林","99,140","67","7,109,150","70.50","73.00","69.00","73.00","+","3.00","73.00","10","73.40","2","10.27",
"2542","興富發","4,175,997","2,691","174,420,317","41.00","42.20","41.00","41.90","+","1.10","41.85","37","41.90","42","9.65",
"2543","皇昌","109,459","43","830,281","7.09","8.00","7.09","7.74","+","0.27","7.74","2","7.89","4","55.29",
"2545","皇翔","1,011,519","660","39,869,166","38.30","39.95","38.30","39.80","+","1.65","39.80","9","39.85","19","7.09",
"2546","根基","157,509","136","7,340,678","45.05","47.40","45.05","46.80","+","1.80","46.80","4","46.90","11","7.55",
"2547","日勝生","5,108,891","1,036","54,081,628","10.30","10.85","10.25","10.80","+","0.65","10.75","23","10.80","51","15.21",
"2548","華固","566,652","477","52,004,476","89.90","92.40","89.90","92.10","+","2.00","92.00","16","92.20","70","9.04",
"2597","潤弘","485,788","396","67,116,778","131.00","141.50","129.50","140.50","+","11.50","140.00","13","140.50","5","14.65",
"2601","益航","54,992,864","13,486","633,643,373","11.25","12.00","10.70","11.70","+","0.75","11.70","354","11.75","13","0.00",
"2603","長榮","264,091,539","66,686","18,015,414,506","67.80","69.40","65.20","69.40","+","6.30","69.40","53,011","--","0","5.95",
"2605","新興","18,596,235","6,076","428,377,798","22.60","23.55","21.85","23.55","+","2.10","23.55","492","--","0","84.11",
"2606","裕民","19,979,203","8,639","928,699,454","45.35","47.65","43.50","47.65","+","4.30","47.65","254","--","0","25.08",
"2607","榮運","17,821,740","4,990","327,019,694","17.50","18.80","17.30","18.80","+","1.70","18.80","2,186","--","0","29.38",
"2608","嘉里大榮","6,587,754","4,719","318,427,696","50.00","51.60","45.50","46.90","-","2.35","46.90","7","46.95","1","14.57",
"2609","陽明","276,730,144","81,806","19,891,632,374","70.50","73.20","68.60","73.20","+","6.60","73.20","38,312","--","0","6.54",
"2610","華航","134,299,347","26,638","1,973,571,412","14.35","15.05","13.80","15.05","+","1.35","15.05","5,381","--","0","28.40",
"2611","志信","2,368,378","828","32,414,793","13.70","13.85","12.80","13.85","+","1.25","13.85","467","--","0","23.47",
"2612","中航","3,574,423","1,820","136,199,832","37.45","38.90","36.10","38.90","+","3.50","38.90","207","--","0","14.04",
"2613","中櫃","1,394,074","671","29,216,757","20.20","21.35","19.85","21.35","+","1.90","21.35","239","--","0","56.18",
"2614","東森","37,466,250","13,743","661,025,429","18.45","18.65","17.00","17.60","-","0.80","17.55","14","17.60","263","18.72",
"2615","萬海","33,160,674","13,709","2,807,479,701","82.90","86.00","80.00","86.00","+","7.80","86.00","2,911","--","0","7.36",
"2616","山隆","400,282","268","13,666,924","33.40","34.85","33.40","34.75","+","1.05","34.70","1","34.75","5","11.94",
"2617","台航","31,293,134","11,321","1,003,529,949","30.80","33.00","29.65","33.00","+","3.00","33.00","5,314","--","0","27.05",
"2618","長榮航","93,708,926","20,020","1,318,063,637","13.50","14.45","13.20","14.45","+","1.30","14.45","1,379","--","0","0.00",
"2630","亞航","336,250","218","5,097,404","14.35","15.70","14.35","15.35","+","1.05","15.35","3","15.50","5","22.91",
"2633","台灣高鐵","9,594,273","4,315","265,079,508","27.10","27.95","27.10","27.85","+","0.85","27.85","315","27.90","46","25.79",
"2634","漢翔","2,291,504","1,177","60,604,160","25.70","27.00","25.70","26.85","+","1.25","26.85","31","26.90","35","335.62",
"2636","台驊投控","3,841,726","2,071","248,299,638","62.20","65.70","61.50","65.70","+","5.90","65.70","185","--","0","9.00",
"2637","慧洋-KY","39,525,891","16,932","2,273,700,717","56.00","59.00","53.20","59.00","+","5.30","59.00","5,659","--","0","39.07",
"2642","宅配通","11,318,557","7,350","479,607,748","43.10","44.30","40.55","41.50","+","0.95","41.50","30","41.55","2","18.36",
"2701","萬企","313,155","168","3,560,785","11.10","11.65","11.10","11.45","+","0.40","11.45","23","11.50","4","39.48",
"2702","華園","159,651","111","2,887,730","17.90","18.65","17.35","18.65","+","0.65","18.60","1","18.70","3","0.00",
"2704","國賓","172,022","107","4,576,941","25.55","27.65","25.55","27.45","+","1.05","27.45","5","27.60","1","457.50",
"2705","六福","342,447","205","5,202,629","15.00","15.60","14.65","15.40","+","0.90","15.40","11","15.45","3","0.00",
"2706","第一店","95,198","90","1,254,331","12.95","13.45","12.85","13.30","+","0.45","13.30","10","13.35","8","63.33",
"2707","晶華","446,341","423","59,004,556","128.00","135.00","128.00","133.00","+","5.00","133.00","3","133.50","4","21.70",
"2712","遠雄來","27,010","22","867,833","31.15","33.20","31.15","32.15","-","1.20","32.00","1","32.35","3","30.05",
"2722","夏都","47,131","35","1,233,646","25.25","27.10","25.00","26.90","+","1.65","26.50","2","26.90","3","27.45",
"2723","美食-KY","1,249,800","1,107","169,788,658","133.50","141.50","128.00","139.00","+","5.50","139.00","7","139.50","2","20.84",
"2727","王品","4,507,912","3,535","527,122,767","111.00","123.00","109.00","123.00","+","11.00","123.00","50","--","0","14.37",
"2731","雄獅","548,327","472","40,165,734","70.70","75.50","69.10","75.30","+","4.60","75.20","2","75.30","8","0.00",
"2739","寒舍","175,005","121","3,988,867","22.15","23.70","22.00","22.55","+","0.40","22.50","7","22.55","7","0.00",
"2748","雲品","48,108","42","1,840,604","39.30","39.30","37.95","38.10","+","1.25","38.10","1","38.35","4","22.28",
"2801","彰銀","11,164,212","2,423","185,468,593","16.35","16.80","16.35","16.70","+","0.35","16.70","323","16.75","31","26.51",
"2809","京城銀","2,366,445","1,117","93,478,306","38.90","40.00","38.85","39.85","+","1.20","39.85","11","39.90","13","6.37",
"2812","台中銀","11,259,096","2,447","126,796,946","11.05","11.40","11.05","11.35","+","0.30","11.30","189","11.35","522","11.02",
"2816","旺旺保","499,198","248","10,005,019","19.50","20.30","19.50","20.15","+","0.70","20.15","1","20.20","18","4.59",
"2820","華票","3,338,542","890","52,889,342","15.55","15.90","15.55","15.90","+","0.30","15.85","78","15.90","131","12.23",
"2823","中壽","10,661,666","3,643","251,524,150","22.90","23.95","22.90","23.85","+","1.35","23.85","9","23.90","71","5.40",
"2832","台產","1,283,641","488","25,612,988","19.65","20.25","19.50","20.10","+","0.30","20.10","6","20.15","15","13.58",
"2834","臺企銀","29,470,221","6,458","277,366,907","9.31","9.49","9.30","9.48","+","0.17","9.48","319","9.49","84","15.54",
"2836","高雄銀","999,759","404","10,623,243","10.35","10.85","10.35","10.75","+","0.35","10.70","24","10.75","23","16.29",
"2836A","高雄銀甲特","7,002","6","157,445","22.45","22.50","22.45","22.50","+","0.05","22.55","6","22.90","4","0.00",
"2838","聯邦銀","3,081,557","594","35,382,017","11.15","11.70","11.15","11.60","+","0.45","11.60","2","11.65","39","9.51",
"2838A","聯邦銀甲特","150,000","32","7,869,500","52.30","52.80","52.30","52.60","+","0.30","52.40","52","52.60","14","0.00",
"2841","台開","1,196,773","309","7,464,777","6.23","6.35","6.10","6.23"," ","0.00","6.22","9","6.23","12","0.00",
"2845","遠東銀","6,367,158","959","66,530,772","10.30","10.55","10.30","10.45","+","0.15","10.45","174","10.50","286","12.29",
"2849","安泰銀","223,375","101","3,264,931","14.30","14.90","14.30","14.50","+","0.30","14.50","21","14.55","2","13.94",
"2850","新產","401,744","291","15,801,343","38.40","39.75","38.40","39.65","+","1.25","39.65","3","39.70","55","6.62",
"2851","中再保","1,301,072","517","32,524,128","24.05","25.40","24.05","25.30","+","1.25","25.25","6","25.30","20","8.06",
"2852","第一保","176,541","98","2,275,134","12.60","13.00","12.60","12.95","+","0.40","12.90","12","12.95","21","9.89",
"2855","統一證","9,807,861","3,269","254,787,940","25.00","26.50","24.85","26.50","+","2.00","26.45","211","26.50","33","6.78",
"2867","三商壽","7,779,838","1,782","69,178,637","8.66","9.08","8.60","9.03","+","0.52","9.03","61","9.04","8","9.31",
"2880","華南金","11,976,988","3,143","215,535,344","17.65","18.20","17.65","18.05","+","0.45","18.00","635","18.05","46","26.94",
"2881","富邦金","65,394,202","28,191","4,593,163,865","66.80","71.50","66.80","71.40","+","5.80","71.30","181","71.40","138","9.10",
"2881A","富邦特","1,166,428","79","72,187,805","61.80","62.00","61.70","61.90"," ","0.00","61.80","59","61.90","162","0.00",
"2881B","富邦金乙特","49,013","25","3,024,118","61.70","61.80","61.70","61.80"," ","0.00","61.60","10","61.80","24","0.00",
"2882","國泰金","90,802,687","25,818","4,810,448,674","50.30","53.50","50.30","53.50","+","4.85","53.50","6,484","--","0","10.55",
"2882A","國泰特","403,465","55","24,917,025","61.70","61.90","61.70","61.90","+","0.20","61.70","407","61.90","38","0.00",
"2882B","國泰金乙特","23,556","25","1,453,457","61.70","61.90","61.60","61.90"," ","0.00","61.30","1","61.90","12","0.00",
"2883","開發金","193,397,156","28,476","2,300,003,055","11.55","12.15","11.45","12.10","+","0.90","12.10","2,019","12.15","2,970","14.24",
"2884","玉山金","25,885,268","7,992","658,881,148","25.00","25.70","25.00","25.60","+","0.65","25.60","132","25.65","774","17.18",
"2885","元大金","29,681,543","8,625","719,195,030","23.35","24.65","23.35","24.45","+","1.30","24.45","404","24.50","325","12.29",
"2886","兆豐金","20,270,188","7,717","645,039,781","31.15","32.10","31.15","32.00","+","0.90","31.95","213","32.00","2,433","17.39",
"2887","台新金","31,570,437","6,418","447,046,838","13.90","14.30","13.85","14.25","+","0.45","14.20","546","14.25","848","11.49",
"2887E","台新戊特","40,172","19","2,112,271","52.50","52.70","52.50","52.70","+","0.40","52.60","13","52.70","24","0.00",
"2887F","台新戊特二","37,884","31","1,944,435","51.80","51.80","50.60","51.70","+","0.40","51.20","5","51.70","10","0.00",
"2888","新光金","95,477,949","11,609","877,283,836","8.97","9.29","8.94","9.29","+","0.48","9.29","229","9.30","1,804","8.60",
"2888A","新光金甲特","27,088","24","1,141,305","42.10","42.20","42.10","42.20","+","0.20","42.15","4","42.25","2","0.00",
"2888B","新光金乙特","205,229","105","8,400,973","40.85","41.10","40.85","41.10","+","0.25","41.05","4","41.15","5","0.00",
"2889","國票金","11,654,510","3,842","192,030,400","15.90","16.75","15.90","16.70","+","1.00","16.65","75","16.70","203","14.78",
"2890","永豐金","35,281,194","6,796","458,920,198","12.65","13.20","12.65","13.05","+","0.45","13.05","131","13.10","319","11.97",
"2891","中信金","49,177,105","12,792","1,094,944,337","21.65","22.50","21.60","22.50","+","0.95","22.45","13","22.50","1,816","10.51",
"2891B","中信金乙特","8,376","17","528,415","63.10","63.30","63.00","63.30"," ","0.00","62.70","4","63.10","10","0.00",
"2891C","中信金丙特","11,530","22","702,002","60.80","61.00","60.80","61.00"," ","0.00","60.80","1","61.00","18","0.00",
"2892","第一金","15,351,292","4,363","330,936,249","21.20","21.85","21.20","21.65","+","0.55","21.60","157","21.65","40","16.53",
"2897","王道銀行","3,257,185","786","22,335,061","6.71","6.95","6.68","6.93","+","0.28","6.92","5","6.93","12","14.14",
"2897A","王道銀甲特","63,000","15","635,900","10.05","10.10","10.05","10.10","+","0.05","10.05","105","10.10","27","0.00",
"2901","欣欣","22,158","28","643,431","28.90","29.25","28.65","29.15","+","0.65","28.90","2","29.00","1","153.42",
"2903","遠百","1,586,980","887","33,636,636","20.85","21.55","20.85","21.40","+","0.55","21.35","24","21.40","2","11.76",
"2904","匯僑","221,435","136","6,305,549","27.90","28.95","27.70","28.90","+","1.00","28.85","5","28.90","1","11.61",
"2905","三商","3,667,187","1,201","78,972,885","21.45","21.85","21.25","21.60","+","0.45","21.55","11","21.60","27","9.73",
"2906","高林","1,064,726","314","14,723,914","13.30","14.05","13.10","14.05","+","1.25","14.05","52","--","0","50.18",
"2908","特力","276,559","161","6,935,100","25.00","25.40","24.60","25.40","+","0.70","25.30","10","25.40","3","13.30",
"2910","統領","9,050","9","283,555","31.00","31.45","31.00","31.45","+","0.35","31.00","1","31.50","3","34.56",
"2911","麗嬰房","384,437","276","2,822,682","7.36","7.57","7.01","7.57","+","0.66","7.57","4","7.58","8","0.00",
"2912","統一超","1,961,585","1,639","533,050,422","268.00","275.00","267.50","272.00","+","5.00","272.00","2","272.50","20","27.20",
"2913","農林","8,828,813","2,541","162,535,792","17.85","18.80","17.85","18.55","+","0.90","18.55","67","18.60","6","927.50",
"2915","潤泰全","4,427,107","2,142","359,261,393","79.60","82.20","79.30","81.80","+","3.60","81.80","2","81.90","47","3.74",
"2923","鼎固-KY","23,167","27","667,543","29.30","29.30","27.25","28.85","+","0.45","28.50","1","28.85","10","21.21",
"2929","淘帝-KY","393,909","169","4,734,039","12.10","12.15","11.70","12.15","+","1.10","12.15","292","--","0","0.00",
"2936","客思達-KY","25,167","25","551,161","21.60","22.45","21.60","22.25","+","0.20","21.85","6","22.25","2","5.11",
"2939","凱羿-KY","85,000","21","2,686,100","31.15","31.80","29.95","31.80","+","0.65","30.65","3","31.80","6","0.00",
"3002","歐格","224,000","118","2,607,200","11.35","11.95","11.35","11.65","+","0.30","11.60","4","11.70","2","18.49",
"3003","健和興","2,621,898","1,647","161,517,502","59.60","63.20","58.70","63.00","+","5.40","63.00","27","63.10","3","23.77",
"3004","豐達科","123,021","97","5,903,043","47.85","49.50","46.65","49.40","+","4.30","49.00","1","49.40","2","0.00",
"3005","神基","2,189,773","1,213","108,503,417","48.10","50.40","48.05","49.85","+","1.75","49.85","3","49.90","33","10.52",
"3006","晶豪科","20,929,776","9,480","2,190,848,584","103.00","107.00","100.50","107.00","+","9.30","107.00","1,324","--","0","20.66",
"3008","大立光","590,568","2,582","1,693,431,385","2,900.00","2,910.00","2,820.00","2,865.00","+","15.00","2,865.00","4","2,870.00","1","16.62",
"3010","華立","1,078,140","841","79,912,317","72.30","75.30","72.10","74.90","+","3.30","74.70","10","74.90","2","8.20",
"3011","今皓","551,242","192","3,903,793","6.65","7.21","6.55","7.21","+","0.65","7.21","38","--","0","0.00",
"3013","晟銘電","559,289","296","7,095,842","12.10","12.95","12.10","12.75","+","0.50","12.75","1","12.90","5","34.46",
"3014","聯陽","4,764,589","2,661","478,172,767","97.00","102.50","96.10","102.50","+","9.00","102.50","533","--","0","13.95",
"3015","全漢","1,503,322","898","60,954,505","39.30","41.45","39.30","41.30","+","2.50","41.25","12","41.30","22","9.43",
"3016","嘉晶","2,681,747","1,757","156,347,031","57.00","60.10","56.10","60.10","+","5.30","60.10","28","60.20","89","353.53",
"3017","奇鋐","7,101,988","3,668","431,198,942","58.10","62.30","58.10","61.70","+","4.70","61.60","81","61.70","115","9.64",
"3018","同開","270,278","215","4,243,284","14.30","16.15","14.30","16.15","+","1.45","16.10","3","16.15","3","0.00",
"3019","亞光","3,426,403","2,464","246,119,759","70.10","74.00","69.30","73.60","+","5.30","73.60","31","73.70","16","25.38",
"3021","鴻名","196,279","130","3,714,114","18.50","19.25","18.10","19.25","+","1.75","19.25","219","--","0","13.28",
"3022","威強電","322,629","227","15,188,711","45.10","48.05","45.10","47.85","+","3.15","47.80","1","47.85","6","8.04",
"3023","信邦","869,286","873","209,001,959","231.50","248.00","231.50","240.00","+","10.50","240.00","30","241.00","3","24.82",
"3024","憶聲","3,245,047","940","39,439,207","11.60","12.45","11.60","12.45","+","1.10","12.45","138","--","0","62.25",
"3025","星通","1,247,111","644","29,491,731","23.05","24.20","22.00","24.20","+","2.20","24.20","50","--","0","45.66",
"3026","禾伸堂","3,730,250","2,559","454,122,398","120.00","123.50","118.50","123.00","+","6.50","122.50","20","123.00","189","12.53",
"3027","盛達","2,035,526","791","40,515,861","19.55","20.25","18.70","20.25","+","1.80","20.25","25","--","0","67.50",
"3028","增你強","1,885,489","983","50,377,054","25.70","27.20","25.70","27.05","+","1.50","27.05","1","27.10","3","9.43",
"3029","零壹","1,677,025","1,072","72,978,642","42.00","44.35","42.00","44.25","+","2.70","44.25","2","44.30","11","12.02",
"3030","德律","887,397","646","48,588,753","53.30","55.50","53.30","55.30","+","2.60","55.30","22","55.40","29","11.69",
"3031","佰鴻","922,292","405","14,864,904","15.35","16.50","15.35","16.50","+","1.50","16.45","3","16.50","1","16.50",
"3032","偉訓","625,263","377","24,156,917","37.35","39.80","37.35","39.70","+","2.70","39.70","6","39.80","7","9.73",
"3033","威健","3,915,483","1,728","82,766,361","20.50","21.60","20.30","21.55","+","1.45","21.50","32","21.55","10","8.98",
"3034","聯詠","21,703,434","18,487","10,790,570,925","484.00","513.00","473.00","513.00","+","46.50","513.00","326","--","0","20.17",
"3035","智原","9,004,246","4,725","516,949,535","55.30","58.50","54.70","58.50","+","5.30","58.40","15","58.50","84","36.56",
"3036","文曄","3,993,914","2,128","200,630,250","50.10","51.20","49.00","51.20","+","3.70","51.10","26","51.20","16","10.12",
"3036A","文曄甲特","155,598","66","7,310,896","46.85","47.05","46.80","47.00","+","0.20","46.95","6","47.00","1","0.00",
"3037","欣興","48,276,792","27,462","4,756,858,850","97.50","101.00","95.00","99.70","+","6.60","99.70","186","99.80","87","20.14",
"3038","全台","1,646,876","730","30,951,456","18.00","19.20","18.00","19.10","+","1.45","19.10","35","19.15","28","11.79",
"3040","遠見","407,951","268","19,241,978","45.55","47.95","45.55","47.65","+","2.20","47.60","13","47.70","6","7.69",
"3041","揚智","2,605,718","1,276","57,709,244","21.75","22.65","21.20","22.65","+","2.05","22.65","507","--","0","0.00",
"3042","晶技","9,737,754","6,248","908,054,502","90.10","95.60","89.20","94.90","+","6.60","94.80","35","94.90","3","16.28",
"3043","科風","819,001","187","3,010,493","3.80","4.07","3.38","4.07","+","0.32","4.05","14","4.07","19","0.00",
"3044","健鼎","3,965,319","2,816","501,076,054","126.50","128.00","124.50","127.50","+","0.50","127.50","6","128.00","97","10.22",
"3045","台灣大","4,765,237","2,359","475,732,422","98.80","100.50","98.80","100.50","+","0.90","100.00","55","100.50","630","26.17",
"3046","建碁","114,192","86","2,418,783","19.55","21.30","19.55","21.30","+","1.90","21.30","77","--","0","0.00",
"3047","訊舟","2,438,702","806","24,205,777","9.20","10.25","9.20","10.25","+","0.93","10.25","51","--","0","17.98",
"3048","益登","3,055,804","1,585","97,873,398","31.75","32.75","30.70","32.70","+","2.65","32.70","346","32.75","9","8.36",
"3049","和鑫","9,668,667","2,314","106,250,739","10.60","11.30","10.50","11.25","+","0.95","11.25","60","11.30","931","20.83",
"3050","鈺德","1,168,783","459","15,965,068","13.00","13.80","13.00","13.80","+","1.25","13.80","135","--","0","13.53",
"3051","力特","941,177","238","7,113,899","7.45","7.65","7.44","7.56","+","0.53","7.54","1","7.56","5","4.11",
"3052","夆典","1,046,133","386","11,969,569","10.95","11.75","10.95","11.65","+","0.80","11.65","6","11.70","10","6.23",
"3054","立萬利","17,689","21","350,822","20.10","20.15","19.60","19.90","+","1.40","19.85","2","20.00","4","124.38",
"3055","蔚華科","880,968","861","22,993,695","26.50","27.10","25.10","26.40"," ","0.00","26.35","7","26.40","9","0.00",
"3056","總太","1,290,885","713","48,691,777","36.20","38.25","36.20","38.10","+","1.95","38.10","10","38.15","3","5.23",
"3057","喬鼎","820,743","499","11,261,973","13.15","14.35","12.90","14.15","+","1.00","14.15","2","14.20","6","0.00",
"3058","立德","3,954,158","1,269","53,397,749","12.70","13.85","12.70","13.85","+","1.25","13.85","464","--","0","0.00",
"3059","華晶科","5,522,910","2,542","165,474,032","28.20","30.70","28.20","30.70","+","2.75","30.70","52","--","0","51.17",
"3060","銘異","12,613,723","5,809","305,319,666","22.60","25.70","22.45","24.15","+","0.75","24.15","12","24.20","2","0.00",
"3062","建漢","2,230,167","1,075","35,301,271","15.10","16.25","15.10","16.20","+","1.40","16.15","19","16.20","52","231.43",
"3090","日電貿","1,950,126","1,254","97,974,966","49.50","51.50","48.40","51.30","+","3.50","51.30","5","51.40","10","13.54",
"3092","鴻碩","3,709,114","2,660","211,150,150","55.90","59.00","54.80","58.20","+","4.20","58.10","2","58.20","24","51.05",
"3094","聯傑","1,805,326","1,013","53,299,119","28.70","30.05","28.05","30.05","+","2.70","30.05","47","--","0","49.26",
"3130","一零四","10,160","13","1,670,200","163.00","165.00","163.00","164.00","+","1.00","164.00","1","167.00","1","18.10",
"3138","耀登","1,808,182","1,678","283,472,702","150.50","161.50","147.00","161.50","+","14.50","161.50","10","--","0","66.74",
"3149","正達","2,543,150","888","75,093,358","28.45","29.90","28.00","29.90","+","2.70","29.90","2,892","--","0","0.00",
"3164","景岳","1,384,585","802","35,389,729","27.20","27.50","24.85","25.65","-","1.30","25.65","43","25.70","3","26.72",
"3167","大量","306,310","224","18,303,264","56.00","61.00","56.00","60.30","+","3.50","59.90","3","60.30","1","9.95",
"3189","景碩","17,189,404","10,892","1,613,710,133","94.70","96.00","91.40","94.20","+","4.00","94.10","116","94.20","13","58.88",
"3209","全科","1,334,117","680","36,178,616","26.40","27.50","26.30","27.40","+","1.40","27.40","19","27.45","24","9.45",
"3229","晟鈦","40,000","19","250,930","6.10","6.40","6.10","6.20","+","0.10","6.20","10","6.30","58","0.00",
"3231","緯創","20,142,029","8,963","575,414,825","28.05","28.85","28.05","28.70","+","0.80","28.70","239","28.75","20","10.11",
"3257","虹冠電","495,810","379","34,665,227","67.50","71.90","67.50","71.30","+","5.30","71.10","2","71.40","4","18.24",
"3266","昇陽","59,000","44","742,850","12.00","12.80","12.00","12.55","+","0.55","12.55","54","12.75","5","26.70",
"3296","勝德","446,072","193","8,423,994","18.20","19.60","17.90","19.60","+","1.50","19.60","18","19.65","1","52.97",
"3305","昇貿","1,707,739","1,048","66,028,524","37.20","39.90","36.50","39.50","+","3.05","39.45","7","39.55","1","16.26",
"3308","聯德","106,039","73","847,460","7.44","8.18","7.44","8.18","+","0.74","8.14","5","8.18","1","0.00",
"3311","閎暉","291,748","196","9,405,462","32.00","33.10","31.00","32.95","+","2.65","32.80","1","33.00","2","45.76",
"3312","弘憶股","1,559,423","805","28,488,895","17.35","18.70","17.35","18.50","+","1.50","18.50","4","18.55","1","9.74",
"3321","同泰","643,223","245","7,459,760","11.20","11.75","11.15","11.75","+","1.05","11.75","90","--","0","0.00",
"3338","泰碩","1,110,848","725","48,661,061","41.20","45.00","41.20","45.00","+","4.05","45.00","1","--","0","22.84",
"3346","麗清","1,594,531","1,002","63,252,170","37.50","40.70","37.45","40.70","+","3.70","40.70","34","--","0","19.95",
"3356","奇偶","954,274","569","24,404,242","24.40","26.30","24.40","26.15","+","2.20","26.10","1","26.15","2","15.03",
"3376","新日興","964,904","773","100,584,470","105.00","106.00","102.50","105.00","+","2.50","105.00","9","105.50","12","11.81",
"3380","明泰","2,613,412","1,427","66,800,692","24.30","26.20","24.30","26.15","+","2.15","26.15","3","26.20","37","17.67",
"3383","新世紀","56,403","34","231,565","4.08","4.25","4.00","4.25","+","0.11","4.25","50","4.45","5","0.00",
"3406","玉晶光","3,985,297","3,821","1,548,393,077","387.00","402.00","375.50","397.50","+","28.50","397.50","4","398.00","12","15.75",
"3413","京鼎","2,329,255","1,930","477,122,233","196.50","210.00","196.00","210.00","+","19.00","210.00","12","--","0","14.20",
"3416","融程電","87,000","58","6,096,200","68.00","70.80","68.00","70.70","+","2.20","70.60","7","70.70","4","17.94",
"3419","譁裕","1,145,630","558","18,949,868","15.70","16.85","15.70","16.80","+","1.45","16.80","12","16.85","4","16.15",
"3432","台端","73,100","53","887,994","11.65","12.40","11.65","12.40","+","0.80","12.25","4","12.40","12","26.96",
"3437","榮創","3,427,661","1,859","92,236,881","25.80","27.80","25.65","27.80","+","2.50","27.75","25","27.80","7","92.67",
"3443","創意","2,687,601","2,424","869,419,334","323.50","332.50","308.00","331.00","+","26.50","330.50","1","331.00","10","41.90",
"3450","聯鈞","1,462,755","953","75,982,615","49.10","52.80","49.10","52.80","+","4.75","52.80","31","--","0","28.70",
"3454","晶睿","168,847","155","12,241,163","69.00","74.60","69.00","74.10","+","5.10","73.60","1","74.10","1","30.00",
"3481","群創","325,871,858","54,862","6,675,501,672","20.20","20.70","19.85","20.70","+","1.85","20.70","47,637","--","0","11.50",
"3494","誠研","531,106","215","2,156,119","3.81","4.18","3.81","4.18","+","0.38","4.18","8","--","0","0.00",
"3501","維熹","253,693","185","12,020,704","46.05","48.20","46.05","47.85","+","1.85","47.85","3","47.95","16","13.29",
"3504","揚明光","920,113","642","62,084,020","64.30","69.40","63.90","69.30","+","6.20","69.30","5","69.40","11","0.00",
"3515","華擎","1,163,015","984","173,327,617","147.00","152.50","145.00","150.00","+","8.00","149.50","13","151.00","17","10.80",
"3518","柏騰","224,257","168","5,430,327","22.85","25.00","22.85","24.65","+","1.70","24.55","3","24.65","1","0.00",
"3528","安馳","166,372","98","7,732,053","46.70","48.20","46.00","46.35","+","0.60","46.30","3","46.35","1","12.13",
"3530","晶相光","1,922,479","1,341","177,784,347","89.10","94.30","88.30","94.30","+","8.50","94.30","12","--","0","20.41",
"3532","台勝科","4,676,989","3,216","718,278,918","151.50","158.50","145.50","158.50","+","11.50","158.50","18","159.00","36","49.53",
"3533","嘉澤","1,108,877","1,074","583,190,388","530.00","536.00","509.00","529.00","+","18.00","528.00","2","529.00","5","17.36",
"3535","晶彩科","870,297","382","13,529,601","15.20","16.00","14.80","15.60","+","0.80","15.60","25","15.90","11","0.00",
"3536","誠創","210,113","72","1,629,029","6.71","7.98","6.71","7.89","+","0.63","7.85","10","7.89","18","0.00",
"3543","州巧","236,015","151","6,684,537","27.35","29.25","27.35","28.15","+","1.50","28.15","6","28.30","7","0.00",
"3545","敦泰","34,901,624","21,219","5,555,949,701","155.50","163.00","152.50","163.00","+","14.50","163.00","1,556","--","0","19.09",
"3550","聯穎","983,086","490","16,411,657","15.75","17.05","15.75","17.00","+","1.50","16.95","5","17.00","2","10.62",
"3557","嘉威","403,999","276","31,914,317","75.90","80.50","75.90","79.80","+","3.00","79.80","4","80.00","1","8.51",
"3563","牧德","251,736","286","56,075,669","213.50","227.50","213.50","226.50","+","16.00","226.50","1","227.00","3","15.60",
"3576","聯合再生","35,164,089","9,037","438,815,423","12.25","12.75","12.05","12.70","+","0.95","12.70","516","12.75","276","0.00",
"3583","辛耘","568,700","399","31,969,790","54.90","57.70","53.30","57.70","+","5.20","57.70","9","--","0","14.35",
"3588","通嘉","564,854","407","33,524,485","56.70","60.50","56.50","60.50","+","5.50","60.50","112","--","0","32.88",
"3591","艾笛森","575,806","304","10,123,942","16.95","18.00","16.70","17.95","+","1.45","17.90","17","17.95","14","25.64",
"3593","力銘","132,532","83","1,842,363","13.90","14.00","13.45","14.00","+","1.25","14.00","38","--","0","14.89",
"3596","智易","2,307,930","1,662","205,800,962","87.50","91.20","86.40","90.40","+","5.40","90.40","9","90.50","7","9.88",
"3605","宏致","2,464,423","1,158","92,431,849","35.45","38.25","35.45","38.25","+","3.45","38.25","54","--","0","10.39",
"3607","谷崧","972,295","442","12,429,923","12.40","13.30","12.00","13.15","+","0.95","13.10","8","13.15","19","0.00",
"3617","碩天","119,000","82","9,656,100","80.50","81.90","79.70","81.60","+","3.30","81.50","10","81.60","8","13.36",
"3622","洋華","1,081,478","636","32,680,962","29.20","30.80","29.00","30.80","+","2.80","30.80","127","--","0","20.81",
"3645","達邁","821,005","526","34,481,650","40.05","43.30","40.00","43.15","+","3.55","43.05","5","43.15","4","14.01",
"3653","健策","3,792,545","3,102","1,023,996,179","261.00","276.50","256.50","275.00","+","23.00","274.50","36","275.00","3","40.74",
"3661","世芯-KY","5,435,594","5,363","2,388,926,950","436.50","456.00","421.00","454.50","+","38.50","454.00","7","454.50","22","30.32",
"3665","貿聯-KY","4,294,942","3,739","906,705,491","218.00","218.00","206.00","214.50","+","1.00","214.00","45","214.50","17","15.07",
"3669","圓展","14,685,349","9,104","1,365,323,756","94.10","97.80","90.00","91.60","-","2.50","91.60","62","91.70","9","8.65",
"3673","TPK-KY","5,806,685","3,658","259,464,142","44.40","45.40","43.50","45.30","+","1.90","45.30","59","45.35","41","13.73",
"3679","新至陞","350,657","296","42,761,620","118.00","124.50","117.00","124.50","+","11.00","124.50","31","--","0","8.65",
"3682","亞太電","9,008,584","2,725","73,269,342","7.83","8.38","7.82","8.34","+","0.64","8.32","1","8.34","49","0.00",
"3686","達能","1,369,582","657","19,887,564","13.95","14.85","13.90","14.85","+","1.35","14.85","4","--","0","0.00",
"3694","海華","895,000","450","18,224,450","19.15","20.75","19.15","20.75","+","1.85","20.75","40","--","0","8.04",
"3701","大眾控","1,283","7","18,469","14.50","14.50","14.50","14.50","+","0.05","13.95","1","14.45","5","58.00",
"3702","大聯大","3,468,239","1,813","169,263,890","47.65","49.40","47.60","49.20","+","1.75","49.20","28","49.25","68","10.40",
"3702A","大聯大甲特","92,001","45","4,568,799","49.55","49.70","49.55","49.65","+","0.15","49.60","36","49.65","17","0.00",
"3703","欣陸","3,715,834","1,466","88,877,282","23.20","24.50","23.05","24.40","+","1.80","24.40","114","24.45","18","12.08",
"3704","合勤控","6,147,945","2,713","166,514,931","26.05","27.65","26.00","27.65","+","2.50","27.65","89","--","0","11.06",
"3705","永信","605,633","394","26,047,086","42.90","43.45","42.70","43.20","+","0.55","43.15","2","43.20","7","16.36",
"3706","神達","5,957,173","2,803","158,392,012","26.05","27.00","26.05","27.00","+","1.35","26.95","6","27.00","102","10.42",
"3708","上緯投控","1,523,967","1,308","165,123,028","106.00","112.50","104.00","110.50","+","7.00","110.50","4","111.00","20","16.06",
"3711","日月光投控","18,853,765","8,465","1,985,509,129","104.50","106.50","103.50","106.50","+","3.50","106.00","368","106.50","377","14.22",
"3712","永崴投控","1,015,019","508","25,629,492","24.50","25.95","24.10","25.95","+","2.35","25.95","28","--","0","24.25",
"3714","富采","12,794,903","7,772","849,926,090","66.20","68.70","64.00","68.20","+","3.40","68.10","14","68.20","54","0.00",
"4104","佳醫","215,016","186","12,119,664","55.90","56.70","55.90","56.60","+","0.70","56.60","5","56.70","11","14.15",
"4106","雃博","10,034,427","6,024","402,536,367","40.80","42.15","38.60","40.20","-","2.25","40.15","1","40.20","34","32.16",
"4108","懷特","2,417,183","1,361","60,770,173","24.50","26.70","23.85","26.00","+","1.70","26.00","9","26.05","12","0.00",
"4119","旭富","575,914","507","47,916,047","81.60","84.40","81.00","84.20","+","3.50","84.20","4","84.30","5","34.65",
"4133","亞諾法","29,997,104","17,800","2,159,456,820","74.30","74.30","66.30","72.90","+","5.30","72.90","74","73.00","86","113.91",
"4137","麗豐-KY","191,633","188","39,135,903","201.50","209.00","199.00","207.00","+","7.00","206.50","1","207.00","9","14.01",
"4141","龍燈-KY","680,100","512","7,833,737","11.90","11.90","11.20","11.50","+","0.20","11.50","9","11.55","11","0.00",
"4142","國光生","74,805,546","39,651","4,563,587,033","63.30","63.80","58.00","60.80","-","2.50","60.70","109","60.80","41","25.87",
"4148","全宇生技-KY","21,000","19","726,300","33.50","35.20","33.50","34.20","+","0.95","34.20","1","34.90","1","16.13",
"4155","訊映","345,190","204","8,125,245","23.15","23.80","23.15","23.80","+","0.70","23.80","2","23.85","7","19.83",
"4164","承業醫","350,514","396","12,058,465","34.00","35.15","33.80","34.90","+","1.10","34.75","4","34.95","1","13.63",
"4190","佐登-KY","458,453","296","33,226,853","69.30","75.90","69.30","75.30","+","6.00","74.80","1","75.30","1","13.30",
"4306","炎洲","7,016,665","2,226","116,826,136","16.40","16.95","16.00","16.85","+","0.75","16.85","38","16.90","77","4.60",
"4414","如興","5,615,270","1,852","50,747,968","8.78","9.45","8.70","9.27","+","0.58","9.26","19","9.27","30","0.00",
"4426","利勤","467,424","316","10,762,974","21.80","23.50","21.80","23.15","+","1.35","23.15","4","23.35","4","0.00",
"4438","廣越","117,797","110","13,734,733","111.00","118.50","111.00","118.00","+","5.50","118.00","9","118.50","3","25.27",
"4439","冠星-KY","48,001","44","6,713,142","136.00","142.50","136.00","142.50","+","6.50","141.00","3","142.50","1","10.01",
"4526","東台","775,359","415","11,211,110","14.05","15.00","13.75","14.85","+","1.05","14.80","7","14.85","1","0.00",
"4532","瑞智","802,743","428","15,707,116","19.05","19.95","18.90","19.90","+","1.05","19.85","35","19.90","20","14.21",
"4536","拓凱","234,034","218","36,415,871","153.00","159.00","152.50","156.00","+","3.00","156.00","10","157.00","3","16.85",
"4540","全球傳動","329,043","264","15,629,517","45.55","48.95","45.55","48.55","+","3.95","48.55","5","48.65","3","39.80",
"4545","銘鈺","267,396","178","6,603,108","23.30","25.65","23.30","25.35","+","1.85","25.20","1","25.35","3","34.26",
"4551","智伸科","468,820","405","73,109,130","156.00","159.00","152.00","156.00","+","5.50","156.00","11","156.50","4","19.09",
"4552","力達-KY","189,946","139","5,420,611","27.30","29.00","27.30","29.00","+","1.80","28.90","1","29.00","10","9.70",
"4555","氣立","75,000","64","3,729,450","49.10","50.40","48.60","50.40","+","1.80","50.10","5","50.50","4","20.40",
"4557","永新-KY","22,237","20","1,392,659","61.60","64.50","61.60","64.50","+","2.30","63.10","2","64.80","1","18.07",
"4560","強信-KY","295,000","75","11,814,450","39.95","41.25","39.70","41.00","+","1.30","41.00","1","41.10","2","48.81",
"4562","穎漢","117,101","94","2,222,770","19.70","19.70","18.15","19.20","+","1.00","19.20","2","19.25","1","0.00",
"4564","元翎","3,034,214","1,402","107,210,364","34.15","36.60","33.70","36.60","+","3.30","36.60","13","--","0","20.91",
"4566","時碩工業","555,146","443","24,493,153","42.20","45.00","41.65","44.55","+","3.60","44.05","2","44.55","1","32.52",
"4571","鈞興-KY","142,753","122","18,111,253","124.50","129.50","122.00","126.50","+","6.50","126.50","1","127.00","3","16.91",
"4572","駐龍","64,000","48","5,406,900","82.00","86.00","82.00","86.00","+","4.10","85.60","1","86.00","3","268.75",
"4576","大銀微系統","653,805","502","74,358,392","107.50","117.00","107.50","117.00","+","10.50","117.00","17","--","0","76.97",
"4581","光隆精密-KY","8,000","8","287,450","35.50","36.90","35.40","36.90","+","1.50","35.90","1","36.70","1","17.91",
"4720","德淵","1,664,900","613","24,158,084","14.25","15.00","14.20","14.70","+","0.55","14.70","5","14.75","11","15.00",
"4722","國精化","966,194","509","31,427,423","31.45","33.55","31.45","33.55","+","1.75","33.35","9","33.55","8","10.32",
"4737","華廣","96,765","81","6,852,420","67.00","72.90","67.00","71.20","+","4.20","71.10","1","71.40","2","51.97",
"4739","康普","790,647","558","49,667,863","60.00","64.10","59.80","64.10","+","5.80","64.00","2","64.10","2","26.49",
"4746","台耀","28,373,466","16,166","1,948,826,974","70.50","73.40","64.00","69.00","-","1.50","69.00","2","69.10","11","4.77",
"4755","三福化","43,716","50","2,630,308","59.90","61.00","59.30","60.90","+","3.50","60.60","1","61.00","10","14.96",
"4763","材料-KY","235,092","181","29,085,708","120.00","125.00","120.00","125.00","+","5.50","124.50","2","125.00","8","13.60",
"4764","雙鍵","4,334","6","239,690","55.70","55.70","55.40","55.50","+","2.90","52.20","1","55.20","1","45.87",
"4766","南寶","72,326","73","10,423,382","142.00","147.00","141.50","146.50","+","5.00","145.00","1","147.00","3","13.76",
"4807","日成-KY","28,003","12","664,868","23.60","25.00","23.60","24.20","+","0.70","24.20","1","24.35","1","18.62",
"4904","遠傳","4,470,385","2,196","286,227,005","63.40","64.60","63.40","64.20"," ","0.00","64.10","46","64.20","13","26.20",
"4906","正文","4,666,524","1,921","130,723,047","26.75","28.60","26.70","28.60","+","2.60","28.55","208","28.60","209","6.31",
"4912","聯德控股-KY","463,954","356","76,318,983","160.00","168.00","158.50","168.00","+","15.00","168.00","25","--","0","15.88",
"4915","致伸","3,838,490","2,410","194,229,018","50.60","51.70","49.20","51.50","+","1.00","51.50","106","51.60","51","10.82",
"4916","事欣科","182,073","106","3,852,832","20.40","21.50","20.40","21.50","+","1.35","21.40","4","21.60","1","0.00",
"4919","新唐","21,178,341","9,932","1,295,226,075","59.00","62.90","58.20","62.90","+","5.70","62.90","211","--","0","30.83",
"4927","泰鼎-KY","2,755,198","1,949","128,999,786","45.20","48.15","45.10","48.10","+","3.55","48.10","20","48.15","11","8.54",
"4930","燦星網","1,126,796","580","26,186,131","22.15","23.75","21.90","23.50","+","1.90","23.50","3","23.60","31","8.27",
"4934","太極","1,614,881","831","35,036,331","21.05","22.55","20.70","22.55","+","1.80","22.50","4","22.55","5","0.00",
"4935","茂林-KY","1,105,448","795","96,191,659","84.10","89.70","84.10","89.00","+","6.10","89.00","1","89.30","11","7.37",
"4938","和碩","9,160,586","4,983","640,259,153","69.00","70.40","69.00","70.20","+","1.80","70.20","12","70.30","417","8.01",
"4942","嘉彰","797,655","522","32,565,913","39.30","41.60","39.30","41.55","+","2.65","41.50","3","41.55","13","7.45",
"4943","康控-KY","1,409,202","1,081","72,926,181","49.30","52.90","48.65","52.90","+","4.80","52.90","17","--","0","0.00",
"4952","凌通","845,032","488","38,826,153","44.10","47.15","44.10","46.80","+","3.65","46.80","5","47.00","5","14.18",
"4956","光鋐","2,066,241","788","41,458,863","19.80","20.35","19.20","20.05","+","1.55","20.00","14","20.05","1","26.04",
"4958","臻鼎-KY","10,039,362","5,431","907,687,485","89.30","92.80","88.60","90.30","+","1.50","90.20","75","90.30","14","10.44",
"4960","誠美材","26,781,447","5,245","301,229,654","10.80","11.55","10.65","11.50","+","1.00","11.50","128","11.55","899","20.54",
"4961","天鈺","18,747,450","11,733","4,221,346,443","222.50","231.50","215.50","231.50","+","21.00","231.50","2,891","--","0","27.72",
"4967","十銓","11,298,381","5,568","532,371,705","45.90","48.55","44.85","48.35","+","4.15","48.30","4","48.35","72","24.54",
"4968","立積","4,114,795","3,843","1,897,421,837","460.00","471.00","445.00","464.00","+","16.50","464.00","11","464.50","39","27.17",
"4976","佳凌","8,445,704","5,426","569,961,440","66.00","70.20","64.20","68.10","+","4.20","68.10","7","68.20","1","681.00",
"4977","眾達-KY","519,520","418","43,965,740","80.80","86.60","80.80","86.60","+","7.80","86.60","7","--","0","10.61",
"4989","榮科","1,576,235","720","52,537,754","31.30","34.15","31.30","34.15","+","3.10","34.15","69","--","0","50.22",
"4994","傳奇","338,005","308","22,565,988","68.00","70.10","64.40","66.90","-","0.10","66.00","3","66.90","9","22.37",
"4999","鑫禾","477,206","357","22,410,057","46.00","47.85","45.80","47.60","+","2.70","47.10","1","47.60","5","8.11",
"5007","三星","263,020","216","15,642,505","56.20","61.20","56.20","60.50","+","3.70","60.50","2","60.60","2","27.63",
"5203","訊連","315,255","277","26,104,479","79.50","84.40","79.50","82.70","+","3.20","82.40","1","82.70","1","45.94",
"5215","科嘉-KY","494,570","370","49,743,004","96.10","102.00","96.10","102.00","+","9.10","102.00","75","--","0","7.33",
"5225","東科-KY","38,000","31","699,400","18.15","18.70","18.15","18.50","+","0.40","18.50","2","18.75","6","0.00",
"5234","達興材料","89,129","76","7,522,170","83.10","85.80","83.10","85.80","+","3.10","85.10","1","85.80","3","14.18",
"5243","乙盛-KY","4,304,767","2,577","239,277,868","54.60","56.90","53.00","56.50","+","4.10","56.50","14","56.60","1","19.62",
"5258","虹堡","721,596","341","14,050,525","18.10","19.80","18.10","19.80","+","1.80","19.80","4","--","0","10.37",
"5269","祥碩","1,912,569","2,346","2,323,840,920","1,180.00","1,285.00","1,130.00","1,285.00","+","105.00","1,280.00","1","1,285.00","10","28.24",
"5283","禾聯碩","251,293","222","29,128,970","113.00","119.50","112.50","115.50","+","5.00","115.00","12","115.50","15","9.02",
"5284","jpp-KY","25,000","20","1,066,550","41.50","43.00","41.40","43.00","+","1.50","42.15","4","42.75","1","16.48",
"5285","界霖","719,934","464","44,397,203","59.00","63.00","59.00","62.90","+","5.20","62.80","3","62.90","2","25.99",
"5288","豐祥-KY","143,002","90","19,802,280","136.00","141.00","134.50","140.50","+","8.50","139.00","8","140.50","5","15.72",
"5388","中磊","862,172","621","54,104,564","61.00","63.60","60.90","63.50","+","3.70","63.50","3","63.60","13","16.54",
"5434","崇越","1,440,328","992","183,811,933","127.00","129.00","126.00","128.50","+","3.50","128.50","32","129.00","37","11.29",
"5469","瀚宇博","4,571,991","2,325","189,339,154","40.95","42.30","40.30","42.10","+","3.15","42.10","10","42.15","43","5.95",
"5471","松翰","6,498,165","4,453","560,769,381","83.80","88.40","83.80","87.00","+","4.50","87.00","54","87.10","1","12.70",
"5484","慧友","32,087","30","430,953","12.80","13.95","12.80","13.50","+","0.70","13.50","2","13.65","5","0.00",
"5515","建國","699,003","385","8,657,691","12.00","12.60","12.00","12.55","+","0.70","12.50","16","12.55","6","8.26",
"5519","隆大","2,918,093","1,318","60,460,837","19.40","21.15","19.40","21.05","+","1.75","21.00","16","21.05","29","10.52",
"5521","工信","4,102,816","1,208","37,453,739","8.95","9.27","8.88","9.15","+","0.42","9.15","9","9.18","6","3.96",
"5522","遠雄","771,984","522","40,495,681","52.00","53.00","51.30","52.50","+","1.40","52.50","3","53.00","119","9.38",
"5525","順天","475,697","214","11,650,247","24.20","25.00","24.00","24.95","+","1.55","24.70","2","24.95","1","0.00",
"5531","鄉林","4,323,278","1,587","47,452,595","10.60","11.40","10.25","11.40","+","1.00","11.40","593","--","0","76.00",
"5533","皇鼎","46,673","30","736,239","15.30","16.05","15.30","15.90","+","0.40","15.90","10","16.10","20","11.78",
"5534","長虹","486,688","413","37,588,454","75.80","79.70","75.80","79.70","+","3.60","78.30","1","79.80","1","12.17",
"5538","東明-KY","237,081","157","10,340,382","41.80","44.60","41.80","44.00","+","3.00","44.00","1","44.30","3","10.86",
"5546","永固-KY","146,321","98","10,533,381","71.10","73.50","70.50","73.20","+","0.20","73.20","25","73.40","1","8.29",
"5607","遠雄港","866,696","475","24,939,925","27.75","29.30","27.75","29.10","+","1.45","29.10","1","29.15","3","13.29",
"5608","四維航","59,046,184","21,452","1,562,121,609","25.30","27.60","23.40","26.95","+","1.75","26.95","70","27.00","38","0.00",
"5706","鳳凰","482,013","320","15,493,549","31.40","33.50","30.70","33.10","+","1.70","33.00","5","33.10","3","34.84",
"5871","中租-KY","5,864,345","3,520","1,151,360,365","190.50","200.00","190.00","197.00","+","10.00","196.50","54","197.00","24","16.85",
"5871A","中租-KY甲特","68,406","50","6,804,207","99.30","99.60","99.30","99.60","+","0.20","99.50","6","99.60","1","0.00",
"5876","上海商銀","7,413,933","3,354","320,025,385","41.45","43.80","41.45","43.60","+","2.30","43.60","19","43.65","45","14.34",
"5880","合庫金","18,724,547","4,987","387,072,218","20.15","20.90","20.15","20.85","+","0.75","20.80","29","20.85","392","16.81",
"5906","台南-KY","9,000","9","381,900","42.00","42.90","42.00","42.90","+","1.40","40.30","1","42.80","1","9.15",
"5907","大洋-KY","475,100","225","8,989,525","18.10","19.35","18.10","19.25","+","1.35","19.05","2","19.25","6","240.62",
"6005","群益證","20,305,276","5,240","324,180,757","15.30","16.30","15.25","16.20","+","1.20","16.20","67","16.25","698","6.16",
"6024","群益期","517,677","377","21,501,749","40.50","41.95","40.50","41.75","+","1.40","41.70","19","41.75","1","14.25",
"6108","競國","405,026","200","7,224,196","17.25","18.15","17.25","18.15","+","1.20","18.05","3","18.15","8","37.81",
"6112","聚碩","246,136","193","9,867,301","39.15","40.55","39.15","40.40","+","1.25","40.35","5","40.40","1","11.64",
"6115","鎰勝","260,102","188","11,101,721","41.60","43.50","41.60","43.15","+","1.10","43.10","1","43.15","1","14.24",
"6116","彩晶","45,046,609","10,662","794,794,460","17.50","17.90","17.00","17.90","+","1.60","17.90","73,978","--","0","7.68",
"6117","迎廣","6,205","9","95,147","15.00","16.00","14.95","16.00","+","1.05","15.65","1","15.95","1","0.00",
"6120","達運","3,951,929","1,250","47,276,321","11.60","12.30","11.30","12.30","+","1.10","12.30","52","--","0","0.00",
"6128","上福","41,972","42","1,029,625","24.50","24.65","24.35","24.50","+","0.20","24.50","3","24.55","1","19.60",
"6133","金橋","482,539","183","4,170,050","8.19","8.84","8.19","8.80","+","0.61","8.78","3","8.80","2","88.00",
"6136","富爾特","193,112","126","3,320,311","16.85","17.35","16.85","17.30","+","0.30","17.25","6","17.30","1","38.44",
"6139","亞翔","809,150","481","21,566,089","26.00","27.25","25.45","27.25","+","1.85","27.20","18","27.25","6","14.73",
"6141","柏承","1,016,541","404","25,632,156","23.85","25.75","23.85","25.75","+","2.30","25.75","114","--","0","7.87",
"6142","友勁","2,084,400","709","23,414,785","10.55","11.55","10.55","11.55","+","1.05","11.55","60","--","0","0.00",
"6152","百一","1,603,599","511","15,095,797","8.98","9.78","8.98","9.74","+","0.77","9.74","20","9.75","3","54.11",
"6153","嘉聯益","6,631,787","3,013","176,103,051","25.80","27.60","25.15","27.50","+","2.25","27.50","69","27.55","15","15.99",
"6155","鈞寶","564,097","305","12,868,648","22.10","23.40","21.65","23.30","+","1.95","23.30","1","23.35","7","43.96",
"6164","華興","1,102,010","410","10,176,219","8.62","9.47","8.62","9.47","+","0.86","9.47","16","--","0","0.00",
"6165","浪凡","610,648","373","18,871,990","28.70","31.50","28.70","31.30","+","2.65","31.30","1","31.35","5","20.87",
"6166","凌華","212,000","127","12,374,400","58.90","58.90","58.00","58.00"," ","0.00","58.00","3","58.20","1","79.45",
"6168","宏齊","2,342,304","835","40,832,820","16.70","17.85","16.70","17.85","+","1.60","17.85","16","--","0","16.84",
"6172","互億","195,984","70","7,256,688","33.95","37.30","33.95","37.30","+","3.35","37.30","108","--","0","64.31",
"6176","瑞儀","2,849,680","1,895","325,300,058","111.50","116.50","111.00","116.00","+","6.00","116.00","78","116.50","78","8.73",
"6177","達麗","359,586","212","9,997,786","27.05","28.05","27.05","27.95","+","0.90","27.90","5","27.95","2","0.00",
"6183","關貿","188,377","92","9,083,666","48.65","48.65","48.05","48.50","+","0.45","48.50","6","48.55","1","17.90",
"6184","大豐電","238,581","125","10,411,622","43.20","44.00","43.20","43.90","+","0.30","43.85","5","43.90","8","12.99",
"6189","豐藝","813,584","461","31,779,547","37.70","39.60","37.70","39.60","+","1.50","39.50","12","39.60","14","11.55",
"6191","精成科","8,352,380","3,087","232,148,997","26.75","28.35","26.60","28.35","+","2.55","28.35","453","--","0","6.22",
"6192","巨路","144,151","142","9,824,772","67.20","69.00","67.20","68.20","+","1.20","68.20","4","68.50","2","9.69",
"6196","帆宣","1,117,358","887","104,027,450","89.90","95.80","89.90","93.90","+","4.90","93.90","2","94.00","1","19.77",
"6197","佳必琪","545,344","339","19,457,231","35.40","36.10","34.85","35.85","+","1.60","35.85","1","36.00","1","14.81",
"6201","亞弘電","210,004","146","9,341,792","43.30","45.20","43.30","45.20","+","1.20","44.90","2","45.30","1","11.16",
"6202","盛群","2,185,279","1,711","188,337,358","83.90","88.00","83.90","87.50","+","4.10","87.40","3","87.50","15","16.06",
"6205","詮欣","457,021","261","13,503,694","28.45","30.90","28.35","30.40","+","2.25","30.40","15","30.55","4","14.83",
"6206","飛捷","457,476","257","27,600,186","60.00","61.30","59.60","60.60","+","0.90","60.50","14","60.60","6","18.42",
"6209","今國光","1,876,433","1,029","55,378,774","28.00","30.55","28.00","30.45","+","2.65","30.40","19","30.45","18","0.00",
"6213","聯茂","1,847,211","1,417","215,907,188","115.50","119.50","114.50","119.00","+","5.50","119.00","29","119.50","17","13.52",
"6214","精誠","494,308","422","42,802,482","86.20","87.30","85.20","87.00","+","1.10","86.90","4","87.00","8","10.22",
"6215","和椿","1,309,949","604","26,244,164","19.40","20.50","19.10","20.30","+","1.45","20.25","43","20.30","3","9.23",
"6216","居易","171,488","101","4,216,714","24.20","25.15","24.20","24.90","+","0.70","24.85","4","24.90","1","18.31",
"6224","聚鼎","1,055,542","756","110,735,709","103.00","107.00","102.00","106.50","+","6.50","106.50","1","107.00","22","19.26",
"6225","天瀚","6,311","9","20,486","3.20","3.40","3.20","3.40","+","0.20","3.50","2","--","0","0.00",
"6226","光鼎","1,516,070","494","12,510,870","7.83","8.48","7.83","8.48","+","0.77","8.48","48","--","0","0.00",
"6230","尼得科超眾","162,369","160","33,716,773","205.00","210.00","204.50","209.50","+","1.50","209.00","1","210.00","1","21.08",
"6235","華孚","1,493,442","558","25,098,920","15.75","17.05","15.75","17.05","+","1.55","17.05","37","--","0","4.14",
"6239","力成","3,852,488","2,425","383,211,584","97.70","101.00","97.70","99.50","+","3.20","99.50","15","99.60","21","11.41",
"6243","迅杰","1,141,193","420","16,813,124","13.90","14.90","13.90","14.90","+","1.35","14.90","16","--","0","0.00",
"6251","定穎","4,054,093","1,553","66,779,154","16.10","16.85","15.90","16.75","+","1.00","16.75","5","16.80","14","30.45",
"6257","矽格","6,765,580","3,322","319,723,894","45.50","48.40","45.50","48.35","+","3.40","48.30","21","48.35","43","10.67",
"6269","台郡","2,465,811","1,574","282,648,191","114.00","116.00","113.50","115.00","+","1.50","114.50","29","115.00","13","13.50",
"6271","同欣電","2,238,336","1,800","352,632,858","154.00","162.50","152.00","162.50","+","11.50","162.00","20","162.50","23","17.53",
"6277","宏正","158,436","152","13,092,230","81.20","83.20","81.00","82.80","+","1.00","82.80","1","83.00","31","7.23",
"6278","台表科","5,038,863","3,387","504,128,023","97.00","102.50","95.40","102.00","+","8.50","101.50","33","102.00","11","12.26",
"6281","全國電","132,513","119","10,448,314","77.50","80.00","77.50","79.20","+","1.30","79.20","1","79.40","1","13.07",
"6282","康舒","4,275,851","2,055","103,485,913","23.50","24.90","23.25","24.80","+","1.80","24.75","31","24.80","17","9.29",
"6283","淳安","2,459,055","1,585","100,627,210","39.40","42.00","38.95","42.00","+","3.80","42.00","16","--","0","0.00",
"6285","啟碁","1,604,869","1,168","100,093,076","62.00","63.30","60.60","63.10","+","2.10","63.10","2","63.20","5","16.83",
"6288","聯嘉","3,052,650","1,906","71,936,495","22.55","24.25","21.95","24.20","+","2.15","24.10","7","24.20","39","34.57",
"6289","華上","53,787","32","158,970","2.85","2.99","2.85","2.99","+","0.27","2.99","8","--","0","0.00",
"6405","悅城","211,000","138","5,254,550","24.00","25.40","23.90","25.30","+","1.45","25.05","6","25.30","1","9.88",
"6409","旭隼","185,778","274","198,993,995","1,065.00","1,090.00","1,045.00","1,075.00","-","5.00","1,075.00","11","1,080.00","2","42.34",
"6412","群電","880,500","697","57,874,716","65.50","66.60","65.10","65.70","+","0.40","65.70","23","65.90","8","9.89",
"6414","樺漢","641,491","629","121,380,078","183.50","194.00","183.50","192.50","+","11.50","192.00","2","193.00","15","16.50",
"6415","矽力-KY","354,326","561","1,005,129,980","2,825.00","2,910.00","2,760.00","2,905.00","+","150.00","2,900.00","1","2,910.00","3","75.91",
"6416","瑞祺電通","2,067,277","1,212","218,349,973","102.50","108.00","101.00","108.00","+","9.50","108.00","41","--","0","22.09",
"6426","統新","293,299","237","21,052,321","68.00","73.50","68.00","73.50","+","6.60","73.50","12","--","0","27.53",
"6431","光麗-KY","87,000","45","2,585,000","29.80","31.50","28.50","31.00","+","1.90","30.00","6","30.85","1","0.00",
"6438","迅得","1,308,790","938","113,328,489","83.00","88.80","82.90","88.30","+","7.00","88.20","1","88.30","1","11.56",
"6442","光聖","32,048","24","1,020,412","30.90","33.60","30.90","31.80","+","0.10","31.80","1","32.15","2","167.37",
"6443","元晶","23,288,278","9,977","709,490,256","29.90","31.50","29.30","31.30","+","2.65","31.25","49","31.30","9","78.25",
"6449","鈺邦","295,841","227","16,540,089","54.50","57.80","53.30","57.80","+","5.00","57.70","1","57.90","12","16.37",
"6451","訊芯-KY","1,044,857","830","107,079,242","100.00","105.00","99.00","104.00","+","7.30","103.50","17","104.00","3","12.22",
"6456","GIS-KY","2,991,520","2,229","280,962,244","90.80","96.60","90.30","96.00","+","6.90","96.00","11","96.10","34","8.42",
"6464","台數科","27,418","31","2,976,142","108.00","109.50","107.50","109.50","+","1.50","108.50","1","109.50","2","12.73",
"6477","安集","5,397,584","3,087","216,392,950","39.00","41.30","37.85","41.30","+","3.75","41.30","234","--","0","18.27",
"6491","晶碩","958,537","922","396,621,574","394.00","425.50","394.00","425.50","+","38.50","425.50","12","--","0","35.11",
"6504","南六","3,825,092","3,108","710,669,896","191.00","194.50","181.50","182.00","-","19.50","182.00","27","182.50","9","9.28",
"6505","台塑化","3,802,159","2,110","373,143,929","94.90","99.80","94.90","99.00","+","3.60","98.90","2","99.00","42","26.68",
"6515","穎崴","160,651","201","37,444,342","228.00","237.00","225.00","236.00","+","11.50","234.00","2","236.50","3","15.04",
"6525","捷敏-KY","347,816","249","25,186,468","70.70","74.00","70.60","73.60","+","4.10","73.60","4","73.80","8","12.62",
"6531","愛普","4,674,470","3,955","2,576,303,441","537.00","569.00","526.00","569.00","+","51.00","569.00","195","--","0","37.43",
"6533","晶心科","1,779,249","1,613","638,810,520","355.00","369.00","341.00","369.00","+","33.50","369.00","132","--","0","156.36",
"6541","泰福-KY","798,464","570","43,381,079","53.10","56.00","52.10","55.20","+","3.00","55.20","1","55.30","1","0.00",
"6552","易華電","451,370","289","21,102,440","44.70","47.45","44.70","47.45","+","4.30","47.45","29","--","0","22.92",
"6558","興能高","598,649","395","21,188,396","33.55","36.05","33.40","36.05","+","3.25","36.05","5","--","0","25.57",
"6573","虹揚-KY","212,129","102","3,206,685","14.15","15.50","14.15","15.50","+","1.40","15.50","24","--","0","0.00",
"6579","研揚","21,000","20","1,324,500","61.30","64.50","61.30","64.10","+","2.00","63.20","2","64.30","1","20.95",
"6581","鋼聯","126,270","85","8,524,958","64.30","68.50","64.30","68.00","+","4.00","68.00","2","68.20","1","15.85",
"6582","申豐","2,212,687","2,009","554,278,809","245.00","260.00","235.50","256.50","+","19.00","256.00","3","257.00","5","10.11",
"6591","動力-KY","522,341","384","31,077,036","58.30","61.20","57.40","61.20","+","5.00","60.90","3","61.20","5","8.57",
"6592","和潤企業","1,886,560","1,182","150,658,887","77.80","81.00","77.80","80.80","+","3.50","80.70","1","80.80","20","15.10",
"6598","ABC-KY","6,873,937","5,147","385,810,257","57.50","58.90","51.50","56.00","+","1.00","56.00","12","56.10","2","0.00",
"6605","帝寶","377,554","336","20,033,207","50.60","54.30","50.60","53.80","+","3.90","53.80","1","53.90","1","13.52",
"6625","必應","6,172","9","166,751","26.60","27.90","26.50","27.90","+","1.15","27.60","1","27.95","1","0.00",
"6641","基士德-KY","10,200","12","677,420","64.90","67.00","64.80","67.00","+","2.50","67.00","1","67.50","4","9.63",
"6655","科定","69,010","53","4,948,426","70.10","73.50","69.90","72.80","+","4.90","72.50","2","72.80","1","13.26",
"6666","羅麗芬-KY","12,020","12","902,176","78.50","78.50","73.00","75.00","+","3.30","73.90","1","75.00","1","29.53",
"6668","中揚光","933,272","587","54,530,511","57.90","59.70","56.10","59.70","+","5.40","59.50","1","59.70","16","38.03",
"6669","緯穎","727,399","869","586,625,158","799.00","823.00","796.00","814.00","+","31.00","814.00","13","815.00","2","16.09",
"6670","復盛應用","451,065","382","92,189,900","199.50","209.50","196.50","207.50","+","13.50","207.00","1","207.50","1","18.56",
"6671","三能-KY","64,000","35","2,906,750","44.90","47.50","44.90","47.50","+","1.70","46.25","4","47.50","1","11.53",
"6672","騰輝電子-KY","1,382,999","896","117,639,951","82.50","87.70","81.60","87.70","+","7.90","87.40","3","87.70","107","13.66",
"6674","鋐寶科技","102,000","80","2,624,500","24.00","26.15","24.00","26.15","+","2.35","26.00","13","26.15","7","40.86",
"6698","旭暉應材","312,911","190","11,641,920","34.70","38.25","34.70","37.75","+","2.80","37.50","3","37.75","2","67.41",
"6706","惠特","1,701,620","1,400","241,233,426","140.00","146.00","137.50","145.00","+","10.50","145.00","3","145.50","8","23.54",
"6715","嘉基","90,100","61","9,321,350","104.00","105.50","100.50","105.50","+","2.00","103.50","1","106.00","11","22.40",
"6743","安普新","704,629","623","71,304,142","99.50","105.00","97.30","102.50","+","5.70","102.00","15","102.50","2","25.62",
"6754","匯僑設計","66,093","38","2,958,123","43.50","45.55","43.45","45.05","+","1.60","44.45","2","45.05","1","12.83",
"6756","威鋒電子","526,429","507","119,026,012","219.50","234.00","218.00","228.00","+","14.00","228.00","5","228.50","1","35.91",
"6768","志強-KY","315,506","172","20,481,567","63.00","65.50","63.00","65.30","+","2.30","65.20","12","65.40","3","27.79",
"6776","展碁國際","193,010","168","7,009,641","35.10","36.95","35.10","36.60","+","1.85","36.55","5","36.60","1","15.38",
"6781","AES-KY","847,263","1,098","592,511,576","696.00","720.00","672.00","706.00","+","26.00","704.00","1","707.00","2","66.73",
"8011","台通","1,496,330","726","22,369,147","14.20","15.20","14.15","15.20","+","1.35","15.20","29","--","0","0.00",
"8016","矽創","9,980,099","7,762","2,367,879,070","235.00","244.00","225.50","238.00","+","13.00","238.00","12","238.50","6","15.19",
"8021","尖點","3,314,906","2,154","120,283,420","35.80","37.65","35.00","36.75","+","2.05","36.70","6","36.75","9","14.82",
"8028","昇陽半導體","1,115,911","728","45,813,626","39.50","41.80","39.00","41.80","+","3.80","41.80","50","--","0","45.93",
"8033","雷虎","1,289,195","561","17,724,037","13.00","14.05","13.00","14.05","+","1.25","14.05","26","--","0","0.00",
"8039","台虹","1,053,371","757","48,463,109","44.50","46.90","44.20","46.45","+","2.65","46.45","32","46.55","1","11.27",
"8046","南電","20,447,752","15,606","6,391,606,535","321.00","321.00","305.00","310.00","+","8.00","310.00","37","310.50","3","41.89",
"8070","長華*","3,952,870","2,029","123,154,141","30.00","31.80","29.95","31.65","+","2.45","31.60","60","31.65","23","19.78",
"8072","陞泰","91,754","175","2,197,744","22.15","24.80","22.15","24.60","+","1.95","24.50","1","24.60","7","2,460.00",
"8081","致新","5,108,093","4,226","1,035,655,974","201.50","211.00","193.50","207.00","+","11.00","206.50","2","207.00","5","14.61",
"8101","華冠","152,500","47","399,130","2.60","2.64","2.60","2.63","+","0.11","2.62","14","2.63","15","0.00",
"8103","瀚荃","1,743,642","889","62,283,471","34.60","36.70","34.30","36.50","+","2.80","36.45","4","36.50","38","10.80",
"8104","錸寶","487,182","325","21,730,367","42.70","45.60","42.50","45.45","+","3.90","45.40","1","45.45","4","11.25",
"8105","凌巨","3,605,189","1,154","42,632,391","11.30","12.10","11.20","12.10","+","1.10","12.10","228","--","0","0.00",
"8110","華東","6,482,783","1,974","84,411,524","12.45","13.45","12.40","13.35","+","1.10","13.35","1","13.40","23","16.28",
"8112","至上","14,340,323","7,419","523,459,091","36.00","37.65","35.55","37.30","+","1.45","37.30","102","37.35","23","7.36",
"8114","振樺電","47,820","58","3,344,172","68.50","71.00","68.00","68.80","+","1.30","69.20","1","70.20","3","35.10",
"8131","福懋科","647,470","372","24,655,801","37.10","38.55","37.00","38.55","+","1.60","38.50","2","38.55","5","12.40",
"8150","南茂","7,413,898","3,954","308,942,385","40.15","42.65","40.05","42.55","+","2.90","42.50","69","42.55","11","11.85",
"8163","達方","2,265,547","1,412","90,832,381","38.80","40.80","38.80","40.70","+","2.30","40.70","42","40.80","8","11.34",
"8201","無敵","102,277","65","947,924","8.80","9.54","8.80","9.54","+","0.78","9.54","18","9.58","1","0.00",
"8210","勤誠","368,477","270","27,039,811","70.80","74.90","70.80","74.10","+","3.30","74.00","4","74.10","1","9.26",
"8213","志超","2,568,781","1,285","118,920,107","45.00","47.45","44.90","47.20","+","3.00","47.20","51","47.25","16","8.82",
"8215","明基材","3,830,152","1,830","90,070,449","22.20","23.90","22.20","23.90","+","2.15","23.90","128","--","0","14.48",
"8222","寶一","109,128","143","1,324,738","11.85","12.75","11.85","12.35","+","0.65","12.30","4","12.35","17","0.00",
"8249","菱光","623,280","286","13,078,548","20.45","21.55","20.40","21.45","+","1.55","21.45","3","21.50","22","11.29",
"8261","富鼎","4,634,583","2,998","256,799,116","53.90","57.30","52.90","57.30","+","5.20","57.30","71","--","0","16.14",
"8271","宇瞻","2,454,865","1,324","101,769,805","40.00","42.35","39.70","42.15","+","3.35","42.15","18","42.20","34","16.53",
"8341","日友","166,175","400","34,831,710","204.00","212.00","204.00","209.50","+","5.50","209.50","4","210.00","1","23.78",
"8367","建新國際","450,125","285","14,257,550","30.20","32.75","29.65","32.70","+","2.80","32.70","5","32.75","6","10.03",
"8374","羅昇","214,300","100","5,165,200","22.75","24.65","22.75","24.60","+","1.60","24.55","2","24.60","7","21.96",
"8404","百和興業-KY","2,057,671","1,080","90,287,893","41.80","44.55","41.55","44.55","+","4.05","44.55","39","--","0","20.07",
"8411","福貞-KY","50,039","51","698,669","13.65","14.10","13.65","14.00","+","0.35","14.00","7","14.10","2","21.88",
"8422","可寧衛","279,315","343","47,432,831","168.00","171.00","167.50","170.50","+","2.50","170.00","10","171.00","15","14.59",
"8427","基勝-KY","13,000","10","654,950","49.95","51.50","49.95","50.50","+","2.20","50.10","2","51.30","1","0.00",
"8429","金麗-KY","703,856","386","6,589,925","8.81","9.52","8.75","9.52","+","0.86","9.52","3","--","0","0.00",
"8442","威宏-KY","1,000","1","39,450","39.45","39.45","39.45","39.45","+","1.05","38.50","1","39.25","6","0.00",
"8443","阿瘦","149,431","181","1,534,407","10.10","10.55","10.10","10.50","+","0.40","10.45","2","10.50","8","0.00",
"8454","富邦媒","803,575","1,397","1,011,620,125","1,235.00","1,295.00","1,180.00","1,295.00","+","115.00","1,295.00","29","--","0","79.50",
"8462","柏文","206,442","442","27,052,162","130.50","136.00","128.50","134.00","+","5.50","134.00","5","134.50","2","26.07",
"8463","潤泰材","105,125","85","3,588,742","35.10","35.10","33.35","33.65","+","1.50","33.60","9","33.65","1","25.49",
"8464","億豐","858,857","813","337,746,373","385.50","412.00","373.00","393.50","+","14.50","393.50","5","395.50","7","21.91",
"8466","美吉吉-KY","52,221","33","2,859,811","54.50","56.60","54.50","56.60","+","1.50","55.80","2","57.30","1","14.93",
"8467","波力-KY","35,000","26","1,356,150","37.70","40.50","37.70","39.10","+","1.30","39.00","1","39.10","1","88.86",
"8473","山林水","578,025","403","24,196,777","41.60","42.50","41.00","42.35","+","1.15","42.30","2","42.35","4","32.58",
"8478","東哥遊艇","81,150","50","3,842,740","46.90","48.50","46.90","48.00","+","3.35","47.80","1","48.40","3","29.27",
"8480","泰昇-KY","3,000","3","326,000","109.00","109.00","108.50","108.50"," ","0.00","108.50","3","111.00","1","11.28",
"8481","政伸","28,000","27","2,201,300","76.40","79.60","76.40","78.30","+","3.50","78.50","1","79.40","2","6.02",
"8482","商億-KY","136,000","49","9,614,700","69.70","73.50","69.50","73.40","+","3.70","72.50","1","73.20","13","10.84",
"8488","吉源-KY","13,200","10","198,540","14.70","15.30","14.70","15.30","+","0.60","14.65","1","15.20","5","12.24",
"8499","鼎炫-KY","180,614","189","22,816,594","121.50","129.00","121.50","128.50","+","9.50","128.00","5","128.50","2","9.39",
"8926","台汽電","1,672,866","939","63,167,760","37.85","38.05","37.00","37.90","+","1.30","37.85","12","37.90","56","23.40",
"8940","新天地","15,422","36","171,881","11.25","11.25","11.10","11.10","+","0.50","11.05","1","11.10","7","0.00",
"8996","高力","824,757","499","34,517,272","39.80","42.35","39.80","42.35","+","3.85","42.35","58","--","0","50.42",
"9103","美德醫療-DR","99,830,331","45,798","3,606,132,133","37.00","37.00","33.65","37.00","+","3.35","37.00","15,782","--","0","0.00",
"910322","康師傅-DR","15,050","13","389,112","25.75","26.10","25.75","26.00","+","0.25","26.00","1","26.10","8","0.00",
"9105","泰金寶-DR","19,817,803","3,951","87,126,660","4.25","4.56","4.24","4.56","+","0.39","4.56","20","4.57","296","0.00",
"910861","神州-DR","17,000","10","160,690","9.21","9.60","9.21","9.60","+","0.40","9.44","2","9.60","4","0.00",
"9110","越南控-DR","407,000","87","1,165,160","2.95","2.95","2.83","2.92","+","0.16","2.91","1","2.92","33","0.00",
"911608","明輝-DR","146,000","62","541,350","3.59","3.80","3.59","3.80","+","0.21","3.73","5","3.80","3","0.00",
"911616","杜康-DR","420,375","142","746,656","1.74","1.82","1.72","1.81","+","0.10","1.80","21","1.81","1","0.00",
"911622","泰聚亨-DR","442,501","152","3,049,672","6.20","7.18","6.20","6.99","+","0.42","6.99","5","7.00","8","0.00",
"911868","同方友友-DR","1,538,020","210","2,307,940","1.43","1.54","1.42","1.54","+","0.14","1.54","218","--","0","0.00",
"912000","晨訊科-DR","2,806,000","554","7,340,920","2.59","2.70","2.56","2.65","+","0.10","2.65","2","2.66","26","0.00",
"912398","友佳-DR","313,753","139","1,325,867","4.10","4.29","4.10","4.23","+","0.20","4.22","2","4.23","40","0.00",
"9136","巨騰-DR","524,032","178","4,766,947","8.81","9.43","8.80","9.20","+","0.48","9.20","50","9.25","3","0.00",
"9188","精熙-DR","214,000","71","622,900","2.80","3.00","2.80","2.98","+","0.19","2.98","2","2.99","6","0.00",
"9802","鈺齊-KY","1,062,744","626","108,011,669","95.00","103.50","95.00","103.50","+","9.10","103.50","208","--","0","22.12",
"9902","台火","1,702,570","580","19,349,696","10.85","11.60","10.70","11.60","+","1.05","11.60","48","--","0","35.15",
"9904","寶成","18,512,555","7,412","620,214,337","32.40","34.30","32.05","34.25","+","2.60","34.20","6","34.25","238","10.16",
"9905","大華","531,583","331","13,374,100","24.10","25.70","24.05","25.25","+","1.05","25.25","1","25.35","1","12.50",
"9906","欣巴巴","143,000","83","5,667,500","39.90","39.95","39.00","39.95","+","2.15","39.90","2","39.95","1","0.00",
"9907","統一實","10,809,375","3,003","136,778,447","11.95","13.00","11.95","13.00","+","1.15","13.00","300","--","0","17.11",
"9908","大台北","120,652","108","4,019,820","33.10","33.60","33.05","33.35","+","0.20","33.25","8","33.50","8","17.19",
"9910","豐泰","1,178,573","1,050","236,365,698","190.00","205.00","190.00","204.00","+","13.50","203.50","10","204.00","16","34.29",
"9911","櫻花","359,652","264","22,331,316","60.50","63.00","60.50","62.90","+","2.50","62.90","8","63.00","18","13.47",
"9912","偉聯","184,765","104","1,579,724","8.37","8.82","8.37","8.82","+","0.44","8.65","12","8.82","15","0.00",
"9914","美利達","1,698,154","1,474","534,801,280","308.50","322.00","305.00","320.00","+","18.00","318.50","15","320.00","38","20.46",
"9917","中保科","429,067","510","39,061,620","90.30","91.80","90.20","91.20","+","0.70","91.20","10","91.30","3","16.46",
"9918","欣天然","29,389","35","1,142,810","38.65","39.00","38.60","38.95","+","0.30","38.95","1","39.00","7","17.08",
"9919","康那香","80,373,278","42,225","3,541,944,961","46.50","46.50","41.60","43.55","-","0.25","43.50","31","43.55","46","10.08",
"9921","巨大","757,825","673","244,967,546","311.00","330.00","311.00","328.50","+","19.00","328.00","1","328.50","4","20.47",
"9924","福興","340,250","241","14,788,910","42.65","43.95","42.60","43.55","+","0.85","43.55","13","43.60","3","9.79",
"9925","新保","526,486","341","19,954,203","37.45","38.35","37.40","38.20","+","0.65","38.05","1","38.20","39","15.53",
"9926","新海","11,000","4","519,950","47.15","47.80","47.15","47.80","+","0.90","47.45","1","47.80","1","19.12",
"9927","泰銘","965,410","560","29,110,270","29.15","30.75","29.15","30.65","+","2.05","30.60","10","30.65","10","10.91",
"9928","中視","43,070","22","238,223","5.47","5.66","5.47","5.47","+","0.24","5.40","5","5.47","14","0.00",
"9929","秋雨","48,388","25","552,644","11.40","11.50","11.30","11.30","+","0.10","11.30","13","11.45","1","1.40",
"9930","中聯資源","280,100","187","12,708,450","44.60","45.75","44.60","45.60","+","1.15","45.50","6","45.60","3","14.07",
"9931","欣高","1,011","2","40,456","40.00","40.00","40.00","40.00","+","0.30","39.00","1","39.80","1","21.51",
"9933","中鼎","2,242,030","1,626","82,903,687","35.65","37.40","35.65","37.40","+","1.85","37.20","2","37.40","37","33.69",
"9934","成霖","780,743","353","12,161,696","15.05","15.95","15.05","15.95","+","1.05","15.95","9","16.00","19","13.75",
"9935","慶豐富","902,052","424","19,499,710","20.25","22.00","20.25","21.90","+","1.90","21.85","3","21.90","65","8.55",
"9937","全國","26,354","35","1,240,512","46.55","47.20","46.55","47.15","+","0.60","47.00","3","47.20","2","16.49",
"9938","百和","2,959,212","1,811","259,418,892","84.40","90.80","82.60","90.00","+","5.80","90.00","69","90.10","1","16.76",
"9939","宏全","2,828,005","1,539","194,489,399","67.50","69.80","66.80","69.80","+","3.70","69.80","2","69.90","28","10.74",
"9940","信義","1,067,149","526","32,101,441","29.20","30.60","29.20","30.60","+","1.40","30.55","2","30.60","35","11.42",
"9941","裕融","884,358","803","114,127,371","127.00","130.50","126.00","130.00","+","6.00","129.50","7","130.00","16","16.03",
"9941A","裕融甲特","86,561","52","4,353,338","50.30","50.50","50.20","50.40","+","0.10","50.20","8","50.40","22","0.00",
"9942","茂順","477,512","341","40,183,499","80.50","85.50","80.50","85.10","+","5.00","85.00","1","85.10","2","15.39",
"9943","好樂迪","375,958","309","22,630,010","59.80","61.40","59.30","61.20","+","1.40","61.20","2","61.30","1","14.61",
"9944","新麗","4,300,558","2,272","99,652,204","23.85","24.60","22.65","23.00","-","2.15","23.00","18","23.05","13","31.08",
"9945","潤泰新","8,581,122","4,321","432,051,121","49.10","51.30","49.05","51.00","+","2.55","51.00","32","51.10","30","6.26",
"9946","三發地產","547,624","270","7,740,165","14.05","14.35","14.00","14.25","+","0.55","14.20","3","14.25","7","89.06",
"9955","佳龍","1,023,847","619","18,045,381","17.50","18.05","17.00","18.05","+","1.60","18.05","93","--","0","0.00",
"9958","世紀鋼","5,498,598","3,819","558,497,467","98.50","105.00","98.00","104.50","+","9.00","104.50","14","105.00","314","22.62",
