"111年07月01日 價格指數(臺灣證券交易所)"
"指數","收盤指數","漲跌(+/-)","漲跌點數","漲跌百分比(%)","特殊處理註記",
"寶島股價指數","16,317.20","-","567.56","-3.36","",
"發行量加權股價指數","14,343.08","-","482.65","-3.26","",
"臺灣公司治理100指數","8,271.13","-","269.30","-3.15","",
"臺灣50指數","10,979.01","-","378.31","-3.33","",
"臺灣50權重上限30%指數","10,533.36","-","317.79","-2.93","",
"臺灣中型100指數","12,121.82","-","477.05","-3.79","",
"臺灣資訊科技指數","18,058.44","-","825.84","-4.37","",
"臺灣發達指數","9,985.52","-","151.57","-1.50","",
"臺灣高股息指數","6,015.19","-","170.63","-2.76","",
"臺灣就業99指數","8,789.23","-","231.54","-2.57","",
"臺灣高薪100指數","8,088.41","-","214.36","-2.58","",
"未含金融指數","12,238.98","-","444.39","-3.50","",
"未含電子指數","17,601.34","-","375.73","-2.09","",
"未含金融電子指數","14,628.12","-","350.72","-2.34","",
"小型股300指數","7,871.53","-","296.09","-3.63","",
"水泥窯製類指數","623.30","+","4.06","0.66","",
"塑膠化工類指數","884.53","-","15.27","-1.70","",
"機電類指數","3,615.56","-","152.34","-4.04","",
"水泥類指數","166.12","+","2.17","1.32","",
"食品類指數","1,841.69","+","2.20","0.12","",
"塑膠類指數","272.11","-","2.60","-0.95","",
"紡織纖維類指數","532.86","-","13.00","-2.38","",
"電機機械類指數","227.60","-","7.65","-3.25","",
"電器電纜類指數","89.53","-","3.20","-3.45","",
"化學生技醫療類指數","111.08","-","3.74","-3.26","",
"化學類指數","131.03","-","4.55","-3.36","",
"生技醫療類指數","64.26","-","2.09","-3.15","",
"玻璃陶瓷類指數","45.56","-","1.86","-3.92","",
"造紙類指數","296.02","-","12.45","-4.04","",
"鋼鐵類指數","134.33","-","1.01","-0.75","",
"橡膠類指數","240.62","-","8.01","-3.22","",
"汽車類指數","322.92","-","4.39","-1.34","",
"電子工業類指數","644.77","-","27.35","-4.07","",
"半導體類指數","304.01","-","15.49","-4.85","",
"電腦及週邊設備類指數","118.89","-","2.43","-2.00","",
"光電類指數","30.00","-","1.59","-5.03","",
"通信網路類指數","135.30","-","0.18","-0.13","",
"電子零組件類指數","139.12","-","6.55","-4.50","",
"電子通路類指數","167.52","-","6.08","-3.50","",
"資訊服務類指數","120.05","-","2.54","-2.07","",
"其他電子類指數","95.67","-","2.98","-3.02","",
"建材營造類指數","343.66","-","5.59","-1.60","",
"航運類指數","182.58","-","10.68","-5.53","",
"觀光類指數","95.61","-","2.95","-2.99","",
"金融保險類指數","1,565.18","-","24.05","-1.51","",
"貿易百貨類指數","282.30","-","1.43","-0.50","",
"油電燃氣類指數","121.42","-","0.87","-0.71","",
"其他類指數","342.69","-","16.49","-4.59","",
"臺指日報酬兩倍指數","26,249.53","-","1,828.13","-6.51","",
"臺指反向一倍指數","4,868.07","+","153.48","3.26","",
"電子類兩倍槓桿指數","23,566.66","-","2,087.88","-8.14","",
"電子類反向指數","4,592.71","+","179.58","4.07","",
"價格指數(跨市場)"
"指數","收盤指數","漲跌(+/-)","漲跌點數","漲跌百分比(%)","特殊處理註記",
"臺灣生技指數","3,884.05","-","175.70","-4.33","",
"臺灣中小型公司治理指數","6,150.17","-","250.54","-3.91","",
"臺灣IPO指數","5,228.11","-","260.42","-4.74","",
"智慧中立指數","3,715.64","-","17.42","-0.47","",
"臺灣5G指數","6,810.25","-","260.93","-3.69","",
"臺灣企業社會責任中小型指數","7,499.83","-","260.79","-3.36","",
"特選臺灣電動車代表指數","5,151.19","-","179.70","-3.37","",
"臺灣5G+通訊指數","5,231.25","-","202.13","-3.72","",
"臺灣全市場指數","4,820.38","-","177.48","-3.55","",
"臺灣全市場半導體指數","4,337.50","-","232.77","-5.09","",
"臺灣電動車與自駕科技永續概念指數","3,719.92","-","152.23","-3.93","",
"臺灣智慧移動與電動車指數","3,583.56","-","142.85","-3.83","",
"特選小資高價30指數","3,929.68","-","205.48","-4.97","",
"特選臺灣綠能及電動車指數","4,087.04","-","135.83","-3.22","",
"特選臺灣智能車供應鏈聯盟指數","3,792.83","-","156.65","-3.97","",
"臺灣全市場半導體精選30指數","3,421.58","-","179.61","-4.99","",
"特選臺灣高股息30指數","3,975.26","-","111.38","-2.73","",
"臺灣友善環境指數","4,289.21","-","152.52","-3.43","",
"台灣永續價值指數","4,059.37","-","101.52","-2.44","",
"特選臺灣IC設計指數","2,722.41","-","175.92","-6.07","",
"特選臺灣環境永續高股息指數","4,050.04","-","97.60","-2.35","",
"臺灣友善環境50指數","3,783.02","-","113.96","-2.92","",
"特選台灣策略高股息30指數","3,745.14","-","162.67","-4.16","",
"特選臺灣IC設計產業代表指數","3,007.41","-","212.32","-6.59","",
"特選臺灣綠能指數","4,387.06","-","89.48","-2.00","",
"特選臺灣成長高股息指數","3,734.21","-","152.08","-3.91","",
"特選臺灣智慧50指數","3,650.86","-","157.35","-4.13","",
"特選臺灣標竿PCB指數","3,492.31","-","238.01","-6.38","",
"價格指數(臺灣指數公司)"
"指數","收盤指數","漲跌(+/-)","漲跌點數","漲跌百分比(%)","特殊處理註記",
"金融類日報酬兩倍指數","27,420.54","-","855.82","-3.03","",
"金融類日報酬反向一倍指數","4,941.10","+","73.66","1.51","",
"漲升股利150指數","7,626.16","-","198.24","-2.53","",
"藍籌30指數","7,050.70","-","213.12","-2.93","",
"工業菁英30指數","7,414.31","-","278.56","-3.62","",
"電子菁英30指數","6,827.54","-","255.62","-3.61","",
"低波動股利精選30指數","6,739.51","-","72.87","-1.07","",
"中小型A級動能50指數","12,554.89","-","552.16","-4.21","",
"特選高息低波指數","6,740.95","-","122.50","-1.78","",
"臺灣永續指數","7,311.37","-","222.13","-2.95","",
"特選內需高收益指數","5,987.71","-","20.03","-0.33","",
"價值投資指數","5,561.35","-","384.15","-6.46","",
"存股雙十等權重指數","6,644.02","-","216.97","-3.16","",
"特選大蘋果指數","5,832.14","-","179.65","-2.99","",
"中小型300指數","7,863.79","-","327.72","-4.00","",
"特股高息20指數","6,057.75","-","33.47","-0.55","",
"臺灣500指數","7,426.98","-","244.22","-3.18","",
"臺灣勞工權益指數","7,113.28","-","133.77","-1.85","",
"微波高息精選20指數","6,270.92","-","27.17","-0.43","",
"特選世代行動通訊指數","5,725.94","-","314.32","-5.20","",
"智慧投資多因子30指數","4,899.69","-","136.32","-2.71","",
"臺股期貨指數","7,302.89","-","230.29","-3.06","",
"特選價值成長指數","6,054.26","-","318.08","-4.99","",
"臺灣上櫃永續指數","4,914.33","-","249.38","-4.83","",
"特選台股領航指數","6,428.88","-","192.12","-2.90","",
"特選Smart多因子指數","5,386.50","-","196.32","-3.52","",
"特選ESG高股息指數","3,873.67","-","100.58","-2.53","",
"特選上櫃ESG成長指數","3,471.95","-","192.98","-5.27","",
"特選上櫃ESG電子菁英指數","3,693.42","-","214.63","-5.49","",
"新臺灣高股息指數","4,283.29","-","101.55","-2.32","",
"臺灣優息存股指數","4,704.40","-","73.45","-1.54","",
"報酬指數(臺灣證券交易所)"
"報酬指數","收盤指數","漲跌(+/-)","漲跌點數","漲跌百分比(%)","特殊處理註記",
"寶島股價報酬指數","22,193.97","-","768.23","-3.35","",
"發行量加權股價報酬指數","28,984.28","-","971.23","-3.24","",
"臺灣公司治理100報酬指數","11,052.96","-","359.88","-3.15","",
"臺灣50報酬指數","--","","--","--","",
"臺灣50權重上限30%報酬指數","--","","--","--","",
"臺灣中型100報酬指數","--","","--","--","",
"臺灣資訊科技報酬指數","--","","--","--","",
"臺灣發達報酬指數","--","","--","--","",
"臺灣高股息報酬指數","--","","--","--","",
"臺灣就業99報酬指數","13,223.31","-","345.45","-2.55","",
"臺灣高薪100報酬指數","11,192.76","-","293.66","-2.56","",
"未含金融電子報酬指數","30,045.35","-","712.87","-2.32","",
"小型股300報酬指數","10,075.50","-","366.97","-3.51","",
"水泥類報酬指數","315.83","+","4.12","1.32","",
"食品類報酬指數","2,795.18","+","3.34","0.12","",
"塑膠類報酬指數","467.85","-","4.48","-0.95","",
"紡織纖維類報酬指數","840.68","-","20.52","-2.38","",
"電機機械類報酬指數","337.18","-","11.33","-3.25","",
"電器電纜類報酬指數","135.21","-","4.85","-3.46","",
"化學生技醫療類報酬指數","170.69","-","5.60","-3.18","",
"化學類報酬指數","214.61","-","7.08","-3.19","",
"生技醫療類報酬指數","89.64","-","2.91","-3.14","",
"玻璃陶瓷類報酬指數","57.10","-","2.33","-3.92","",
"造紙類報酬指數","442.46","-","18.60","-4.03","",
"鋼鐵類報酬指數","210.57","-","1.59","-0.75","",
"橡膠類報酬指數","374.24","-","11.89","-3.08","",
"汽車類報酬指數","501.18","-","6.80","-1.34","",
"電子工業類報酬指數","1,187.58","-","50.22","-4.06","",
"半導體類報酬指數","529.35","-","26.88","-4.83","",
"電腦及週邊設備類報酬指數","249.42","-","5.05","-1.98","",
"光電類報酬指數","42.72","-","2.26","-5.02","",
"通信網路類報酬指數","279.55","-","0.38","-0.14","",
"電子零組件類報酬指數","253.89","-","11.96","-4.50","",
"電子通路類報酬指數","388.70","-","14.10","-3.50","",
"資訊服務類報酬指數","272.97","-","5.78","-2.07","",
"其他電子類報酬指數","147.81","-","4.59","-3.01","",
"建材營造類報酬指數","666.23","-","10.84","-1.60","",
"航運類報酬指數","284.62","-","16.65","-5.53","",
"觀光類報酬指數","132.11","-","3.97","-2.92","",
"金融保險類報酬指數","2,603.60","-","40.00","-1.51","",
"貿易百貨類報酬指數","427.60","-","2.17","-0.50","",
"油電燃氣類報酬指數","191.53","-","1.37","-0.71","",
"其他類報酬指數","568.95","-","26.65","-4.47","",
"報酬指數(跨市場)"
"報酬指數","收盤指數","漲跌(+/-)","漲跌點數","漲跌百分比(%)","特殊處理註記",
"臺灣生技報酬指數","4,242.82","-","191.93","-4.33","",
"臺灣中小型公司治理報酬指數","7,815.16","-","318.37","-3.91","",
"臺灣IPO報酬指數","5,926.97","-","288.97","-4.65","",
"智慧中立報酬指數","4,184.84","-","22.85","-0.54","",
"加權指數掩護性臺指買權價外5%報酬指數","6,280.78","-","210.15","-3.24","",
"臺灣5G報酬指數","7,469.39","-","286.18","-3.69","",
"臺灣企業社會責任中小型報酬指數","8,370.44","-","288.53","-3.33","",
"特選臺灣電動車代表報酬指數","5,549.86","-","193.61","-3.37","",
"臺灣5G+通訊報酬指數","5,540.97","-","214.10","-3.72","",
"臺灣全市場報酬指數","5,043.58","-","184.84","-3.54","",
"臺灣全市場半導體報酬指數","4,583.20","-","244.14","-5.06","",
"臺灣電動車與自駕科技永續概念報酬指數","3,968.00","-","162.38","-3.93","",
"臺灣智慧移動與電動車報酬指數","3,753.73","-","149.63","-3.83","",
"特選小資高價30報酬指數","4,096.56","-","214.20","-4.97","",
"特選臺灣綠能及電動車報酬指數","4,273.99","-","139.40","-3.16","",
"特選臺灣智能車供應鏈聯盟報酬指數","3,971.46","-","164.03","-3.97","",
"臺灣全市場半導體精選30報酬指數","3,562.13","-","186.99","-4.99","",
"特選臺灣高股息30報酬指數","4,139.21","-","113.24","-2.66","",
"臺灣友善環境報酬指數","4,407.38","-","155.38","-3.41","",
"台灣永續價值報酬指數","4,120.29","-","102.51","-2.43","",
"特選臺灣IC設計報酬指數","2,794.27","-","174.84","-5.89","",
"特選臺灣環境永續高股息報酬指數","4,207.45","-","101.40","-2.35","",
"臺灣友善環境50報酬指數","3,883.35","-","116.97","-2.92","",
"特選台灣策略高股息30報酬指數","3,898.46","-","169.33","-4.16","",
"特選臺灣IC設計產業代表報酬指數","3,081.68","-","209.39","-6.36","",
"特選臺灣綠能報酬指數","4,422.93","-","80.10","-1.78","",
"特選臺灣成長高股息報酬指數","3,898.17","-","158.75","-3.91","",
"特選臺灣智慧50報酬指數","3,778.21","-","162.83","-4.13","",
"特選臺灣標竿PCB報酬指數","3,553.62","-","242.19","-6.38","",
"報酬指數(臺灣指數公司)"
"報酬指數","收盤指數","漲跌(+/-)","漲跌點數","漲跌百分比(%)","特殊處理註記",
"漲升股利150報酬指數","9,843.31","-","254.55","-2.52","",
"藍籌30報酬指數","8,729.46","-","263.85","-2.93","",
"工業菁英30報酬指數","9,171.95","-","344.59","-3.62","",
"電子菁英30報酬指數","8,225.28","-","307.94","-3.61","",
"低波動股利精選30報酬指數","8,471.63","-","91.59","-1.07","",
"中小型A級動能50報酬指數","14,586.94","-","605.16","-3.98","",
"特選高息低波報酬指數","8,894.36","-","160.33","-1.77","",
"臺灣永續報酬指數","--","","--","--","",
"特選內需高收益報酬指數","7,430.61","-","24.86","-0.33","",
"價值投資報酬指數","7,079.98","-","457.78","-6.07","",
"存股雙十等權重報酬指數","7,849.61","-","256.35","-3.16","",
"特選大蘋果報酬指數","6,814.77","-","209.92","-2.99","",
"中小型300報酬指數","8,902.05","-","366.71","-3.96","",
"特股高息20報酬指數","6,861.13","-","37.91","-0.55","",
"臺灣500報酬指數","8,427.80","-","275.86","-3.17","",
"臺灣勞工權益報酬指數","8,205.29","-","154.29","-1.85","",
"微波高息精選20報酬指數","7,141.22","-","30.94","-0.43","",
"特選世代行動通訊報酬指數","6,260.75","-","343.68","-5.20","",
"智慧投資多因子30報酬指數","5,514.32","-","153.43","-2.71","",
"特選大蘋果報酬正向兩倍指數","9,737.57","-","618.97","-5.98","",
"特選大蘋果報酬反向一倍指數","8,525.83","+","247.39","2.99","",
"特選價值成長報酬指數","6,763.98","-","339.94","-4.79","",
"臺灣上櫃永續報酬指數","5,346.99","-","271.34","-4.83","",
"特選台股領航報酬指數","7,080.31","-","211.59","-2.90","",
"特選Smart多因子報酬指數","5,721.80","-","206.83","-3.49","",
"特選ESG高股息報酬指數","4,131.33","-","107.27","-2.53","",
"特選上櫃ESG成長報酬指數","3,602.09","-","200.21","-5.27","",
"特選上櫃ESG電子菁英報酬指數","3,842.63","-","223.30","-5.49","",
"新臺灣高股息報酬指數","4,379.29","-","100.45","-2.24","",
"臺灣優息存股報酬指數","4,749.13","-","74.15","-1.54","",
"111年07月01日 大盤統計資訊"
"成交統計","成交金額(元)","成交股數(股)","成交筆數",
"1.一般股票","281,797,552,044","4,336,870,324","2,336,332",
"2.台灣存託憑證","48,288,209","10,669,501","2,968",
"3.受益憑證","0","0","0",
"4.ETF","21,157,318,402","1,218,230,417","341,928",
"5.受益證券","5,839,406","415,620","99",
"6.變更交易股票","10,773,400","2,048,593","919",
"7.認購(售)權證","1,899,217,730","2,265,457,000","78,322",
"8.轉換公司債","0","0","0",
"9.附認股權特別股","0","0","0",
"10.附認股權公司債","0","0","0",
"11.認股權憑證","0","0","0",
"12.公司債","0","0","0",
"13.ETN","27,621,020","6,944,000","1,197",
"14.創新板股票","0","0","0",
"15.創新板-變更交易方法股票","0","0","0",
"證券合計(1+6+14+15)","281,808,325,444","4,338,918,917","2,337,251",
"總計(1~15)","304,946,610,211","7,840,635,455","2,761,765",
"漲跌證券數合計"
"類型","整體市場","股票",
"上漲(漲停)","2,375(4)","58(1)",
"下跌(跌停)","6,635(157)","873(15)",
"持平","199","22",
"未成交","18,478","1",
"無比價","1,968","11",
"備註:"
""漲跌價差"為當日收盤價與前一日收盤價比較。",
""無比價"含前一日無收盤價、當日除權、除息、新上市、恢復交易者。",
"不加計外幣交易證券交易金額。",

"111年07月01日每日收盤行情(全部(不含權證、牛熊證))"
"(元,股)",,,,,,,,,,,"(元,交易單位)",,,,,
"證券代號","證券名稱","成交股數","成交筆數","成交金額","開盤價","最高價","最低價","收盤價","漲跌(+/-)","漲跌價差","最後揭示買價","最後揭示買量","最後揭示賣價","最後揭示賣量","本益比",
="0050","元大台灣50","36,878,756","51,585","4,168,809,309","115.65","115.65","111.20","111.55","-","4.25","111.55","29","111.60","4","0.00",
="0051","元大中型100","92,675","295","4,715,696","51.75","51.75","50.05","50.20","-","1.85","50.05","4","50.20","30","0.00",
="0052","富邦科技","2,164,543","1,691","198,660,912","94.25","94.30","90.05","90.05","-","4.50","90.05","35","90.10","4","0.00",
="0053","元大電子","21,053","20","1,128,870","54.35","54.40","52.60","52.60","-","2.50","52.50","1","52.70","16","0.00",
="0055","元大MSCI金融","427,310","655","9,619,174","22.91","22.91","22.32","22.39","-","0.52","22.38","3","22.39","8","0.00",
="0056","元大高股息","74,307,501","49,542","2,012,793,082","27.50","27.55","26.77","26.81","-","0.75","26.81","745","26.82","21","0.00",
="0057","富邦摩台","36,991","971","2,899,042","79.60","79.60","78.10","78.25","-","2.65","77.75","20","77.85","15","0.00",
="0061","元大寶滬深","227,760","703","4,835,193","21.37","21.37","21.09","21.12","-","0.25","21.12","28","21.14","1","0.00",
="006203","元大MSCI台灣","18,831","940","1,029,285","55.00","55.00","54.05","54.05","-","2.15","54.05","1","54.10","10","0.00",
="006204","永豐臺灣加權","36,513","34","2,680,018","75.00","75.00","72.30","72.30","-","2.65","72.00","1","72.30","1","0.00",
="006205","富邦上証","992,773","345","35,188,720","35.72","35.73","35.21","35.28","-","0.25","35.28","104","35.30","2","0.00",
="006206","元大上證50","112,296","952","3,848,675","34.61","34.61","34.19","34.22","-","0.39","34.22","42","34.25","5","0.00",
="006207","FH滬深","261,100","64","7,335,835","28.33","28.33","28.00","28.03","-","0.20","27.97","42","27.98","4","0.00",
="006208","富邦台50","9,915,382","16,711","647,070,437","66.65","66.65","64.45","64.45","-","2.30","64.45","121","64.50","3","0.00",
="00625K","富邦上証+R","0","0","0","--","--","--","--"," ","0.00","7.98","5","8.01","2","0.00",
="00631L","元大台灣50正2","19,793,982","5,991","1,877,242,524","98.55","98.55","91.80","92.35","-","6.00","92.35","47","92.45","2","0.00",
="00632R","元大台灣50反1","421,923,458","20,621","2,576,173,893","6.00","6.21","6.00","6.20","+","0.20","6.19","4,274","6.20","20,063","0.00",
="00633L","富邦上証正2","9,677,476","1,699","489,309,910","51.50","51.55","49.98","50.25","-","1.30","50.25","122","50.30","31","0.00",
="00634R","富邦上証反1","1,114,000","123","4,487,750","4.01","4.07","4.00","4.06","+","0.03","4.05","237","4.06","154","0.00",
="00635U","期元大S&P黃金","812,299","231","19,311,191","23.83","23.83","23.72","23.73","-","0.22","23.73","253","23.75","1","0.00",
="00636","國泰中國A50","876,743","891","21,370,168","24.57","24.60","24.25","24.27","-","0.28","24.27","102","24.28","5","0.00",
="00636K","國泰中國A50+U","200","2","1,630","8.15","8.15","8.15","8.15","-","0.09","8.11","11","8.17","11","0.00",
="00637L","元大滬深300正2","70,661,361","11,635","1,417,854,903","20.45","20.45","19.80","19.91","-","0.50","19.91","388","19.92","3","0.00",
="00638R","元大滬深300反1","869,014","188","7,440,739","8.49","8.61","8.48","8.61","+","0.12","8.60","28","8.61","212","0.00",
="00639","富邦深100","550,737","482","8,297,187","15.15","15.15","14.98","15.01","-","0.12","15.00","101","15.01","2","0.00",
="00640L","富邦日本正2","335,010","75","8,564,623","26.07","26.07","25.21","25.31","-","0.81","25.30","1","25.31","5","0.00",
="00641R","富邦日本反1","2,336,412","240","24,469,290","10.35","10.55","10.35","10.53","+","0.20","10.53","31","10.54","127","0.00",
="00642U","期元大S&P石油","2,107,110","734","44,322,074","21.15","21.15","20.91","20.94","-","0.83","20.94","454","20.95","17","0.00",
="00643","群益深証中小","308,254","1,066","5,460,100","17.78","17.80","17.62","17.64","-","0.05","17.64","2","17.67","20","0.00",
="00643K","群益深証中小+R","0","0","0","--","--","--","--"," ","0.00","3.99","2","4.06","1","0.00",
="00645","富邦日本","92,360","736","2,265,188","24.68","24.70","24.42","24.42","-","0.40","24.42","33","24.45","15","0.00",
="00646","元大S&P500","552,825","488","19,070,783","34.72","34.72","34.36","34.41","-","0.38","34.41","43","34.42","5","0.00",
="00647L","元大S&P500正2","226,296","109","11,134,632","49.85","49.92","48.79","48.95","-","1.10","48.95","50","49.00","1","0.00",
="00648R","元大S&P500反1","4,372,387","406","34,342,781","7.80","7.90","7.80","7.88","+","0.10","7.88","2","7.89","1,438","0.00",
="00650L","FH香港正2","3,147,689","554","54,993,438","17.84","17.84","17.27","17.29","-","0.57","17.29","2","17.30","2","0.00",
="00651R","FH香港反1","466,000","63","3,781,980","8.07","8.20","8.04","8.15","+","0.13","8.14","30","8.15","2","0.00",
="00652","富邦印度","120,352","783","3,130,125","26.15","26.15","25.76","25.79","-","0.49","25.82","20","25.86","1","0.00",
="00653L","富邦印度正2","349,065","126","12,181,685","35.10","35.49","34.40","34.67","-","0.97","34.67","44","34.72","7","0.00",
="00654R","富邦印度反1","1,044,000","169","9,616,750","9.14","9.26","9.13","9.25","+","0.11","9.24","120","9.25","13","0.00",
="00655L","國泰中國A50正2","4,204,081","963","153,794,209","37.25","37.29","36.13","36.31","-","0.94","36.31","236","36.32","12","0.00",
="00656R","國泰中國A50反1","843,000","55","6,450,370","7.57","7.68","7.57","7.68","+","0.10","7.67","100","7.68","252","0.00",
="00657","國泰日經225","65,000","11","1,967,720","30.52","30.52","30.08","30.09","-","0.52","30.00","10","30.07","30","0.00",
="00657K","國泰日經225+U","200","2","2,016","10.08","10.08","10.08","10.08","-","0.21","10.04","5","10.09","5","0.00",
="00660","元大歐洲50","4,000","4","99,590","24.86","24.91","24.86","24.91","-","0.45","24.86","21","24.93","1","0.00",
="00661","元大日經225","2,090","8","68,623","32.91","32.91","32.76","32.76","X","0.00","32.36","10","32.47","50","0.00",
="00662","富邦NASDAQ","510,887","451","22,377,785","44.10","44.10","43.61","43.68","-","0.64","43.68","49","43.72","81","0.00",
="00663L","國泰臺灣加權正2","512,158","141","44,599,611","89.45","89.45","83.80","83.80","-","6.05","84.20","50","84.35","100","0.00",
="00664R","國泰臺灣加權反1","25,876,679","1,718","179,204,836","6.79","7.02","6.79","7.00","+","0.21","7.00","97","7.01","5,125","0.00",
="00665L","富邦恒生國企正2","3,896,777","661","46,376,987","12.14","12.14","11.72","11.76","-","0.37","11.76","7","11.78","11","0.00",
="00666R","富邦恒生國企反1","292,000","33","4,015,600","13.70","13.83","13.69","13.81","+","0.20","13.81","48","13.83","40","0.00",
="00668","國泰美國道瓊","66,664","959","2,199,928","33.18","33.18","32.96","32.99","-","0.43","32.99","8","33.00","1","0.00",
="00668K","國泰美國道瓊+U","200","2","2,212","11.06","11.06","11.06","11.06","-","0.16","11.02","10","11.06","6","0.00",
="00669R","國泰美國道瓊反1","6,507,290","642","57,008,222","8.71","8.79","8.70","8.78","+","0.09","8.78","43","8.79","1,122","0.00",
="00670L","富邦NASDAQ正2","4,327,561","1,383","248,726,341","58.15","58.20","56.65","56.90","-","1.90","56.85","20","56.90","8","0.00",
="00671R","富邦NASDAQ反1","27,876,701","1,462","183,679,845","6.55","6.64","6.54","6.63","+","0.11","6.62","148","6.63","4,392","0.00",
="00673R","期元大S&P原油反1","55,882,833","5,064","428,988,445","7.60","7.73","7.60","7.70","+","0.21","7.70","409","7.71","34","0.00",
="00674R","期元大S&P黃金反1","1,106,499","151","14,389,571","12.99","13.06","12.97","13.06","+","0.13","13.05","16","13.06","6","0.00",
="00675L","富邦臺灣加權正2","3,287,564","1,567","123,376,030","38.90","38.90","36.26","36.48","-","2.33","36.48","128","36.57","155","0.00",
="00676R","富邦臺灣加權反1","26,967,172","1,297","102,151,448","3.72","3.85","3.72","3.84","+","0.13","3.83","34","3.84","937","0.00",
="00678","群益NBI生技","340,430","167","7,655,117","22.64","22.64","22.43","22.43","-","0.47","22.43","1","22.46","2","0.00",
="00680L","元大美債20正2","1,237,817","203","18,413,341","14.72","14.98","14.72","14.92","+","0.34","14.92","9","14.93","101","0.00",
="00681R","元大美債20反1","957,000","120","16,027,740","16.88","16.88","16.68","16.75","-","0.17","16.74","9","16.75","170","0.00",
="00682U","期元大美元指數","124,070","42","2,563,102","20.66","20.67","20.61","20.67","-","0.01","20.67","11","20.68","111","0.00",
="00683L","期元大美元指正2","416,000","78","9,144,320","21.95","22.03","21.93","21.99","-","0.03","21.98","2","21.99","8","0.00",
="00684R","期元大美元指反1","1,000","1","16,190","16.19","16.19","16.19","16.19","-","0.04","16.20","46","16.24","20","0.00",
="00685L","群益臺灣加權正2","16,001","13","524,475","34.47","34.47","32.34","32.34","-","2.19","32.23","10","32.34","4","0.00",
="00686R","群益臺灣加權反1","1,414,061","143","5,775,215","4.04","4.15","4.04","4.15","+","0.13","4.14","45","4.15","180","0.00",
="00688L","國泰20年美債正2","224,000","65","3,310,540","14.67","14.89","14.67","14.83","+","0.35","14.82","3","14.85","55","0.00",
="00689R","國泰20年美債反1","101,000","23","1,755,800","17.46","17.46","17.34","17.40","-","0.18","17.36","160","17.38","1","0.00",
="00690","兆豐藍籌30","112,640","29","3,081,344","28.10","28.13","27.25","27.30","-","0.87","27.21","2","27.44","21","0.00",
="00692","富邦公司治理","5,789,974","4,251","169,007,757","29.75","29.75","28.79","28.92","-","0.84","28.91","1","28.93","60","0.00",
="00693U","期街口S&P黃豆","316,300","80","8,217,423","26.38","26.38","25.90","25.95","-","0.43","25.92","100","25.97","6","0.00",
="00700","富邦恒生國企","172,150","34","2,488,287","14.55","14.55","14.40","14.40","-","0.17","14.40","2","14.42","4","0.00",
="00701","國泰股利精選30","2,131,721","1,206","50,499,697","23.86","23.88","23.53","23.53","-","0.35","23.53","92","23.54","7","0.00",
="00702","國泰標普低波高息","107,344","827","2,256,596","21.03","21.05","21.00","21.01","-","0.18","21.01","1","21.05","18","0.00",
="00703","台新MSCI中國","155,000","28","2,718,820","17.89","17.90","17.40","17.40","-","0.34","17.40","2","17.42","3","0.00",
="00706L","期元大S&P日圓正2","1,978,390","340","20,400,849","10.21","10.38","10.21","10.34","+","0.17","10.34","112","10.35","10","0.00",
="00707R","期元大S&P日圓反1","4,000","3","96,020","24.10","24.10","23.97","23.98","-","0.30","23.94","54","24.01","71","0.00",
="00708L","期元大S&P黃金正2","1,332,146","287","33,890,902","25.54","25.55","25.34","25.38","-","0.45","25.38","40","25.39","1","0.00",
="00709","富邦歐洲","100,310","6","2,026,255","20.20","20.20","20.20","20.20","-","0.38","20.16","10","20.20","1","0.00",
="00710B","FH彭博非投等債","335,741","107","5,635,811","16.80","16.81","16.77","16.81"," ","0.00","16.80","4","16.81","2","0.00",
="00711B","FH彭博新興債","164,524","455","2,592,360","15.76","15.78","15.73","15.77","+","0.01","15.77","6","15.80","1","0.00",
="00712","FH富時不動產","1,754,074","1,189","19,049,523","10.91","10.93","10.79","10.81","-","0.12","10.80","19","10.81","27","0.00",
="00713","元大台灣高息低波","584,107","985","23,148,470","40.05","40.05","39.30","39.34","-","0.75","39.34","11","39.39","2","0.00",
="00714","群益道瓊美國地產","466,366","320","9,147,150","19.68","19.68","19.58","19.59","-","0.09","19.58","9","19.59","32","0.00",
="00715L","期街口布蘭特正2","13,563,157","2,182","305,950,872","22.91","22.91","22.34","22.40","-","1.49","22.40","249","22.41","2","0.00",
="00717","富邦美國特別股","506,180","147","7,506,392","14.85","14.85","14.81","14.82"," ","0.00","14.82","3","14.83","8","0.00",
="00728","第一金工業30","867,247","891","18,872,795","22.25","22.25","21.48","21.48","-","0.80","21.46","1","21.48","23","0.00",
="00730","富邦臺灣優質高息","387,031","370","6,483,651","16.90","16.99","16.61","16.61","-","0.29","16.61","8","16.62","2","0.00",
="00731","FH富時高息低波","1,051,653","186","59,645,728","57.25","57.25","56.70","56.70","-","0.55","56.70","4","56.75","107","0.00",
="00732","國泰RMB短期報酬","100,000","4","4,109,000","41.09","41.09","41.09","41.09","+","0.02","40.93","34","41.09","43","0.00",
="00733","富邦臺灣中小","337,189","425","11,001,638","33.36","33.41","32.13","32.16","-","1.19","32.15","1","32.16","6","0.00",
="00735","國泰臺韓科技","104,497","19","2,515,042","24.58","24.58","23.85","23.85","-","0.73","23.68","5","23.84","1","0.00",
="00736","國泰新興市場","118,067","8","2,278,011","19.41","19.41","19.18","19.18","-","0.48","19.18","1","19.36","20","0.00",
="00737","國泰AI+Robo","421,931","978","10,244,805","24.36","24.39","24.19","24.21","-","0.49","24.21","17","24.22","5","0.00",
="00738U","期元大道瓊白銀","1,632,628","377","33,200,112","20.49","20.50","20.21","20.25","-","0.70","20.25","165","20.26","10","0.00",
="00739","元大MSCI A股","92,461","945","2,432,367","26.50","26.63","26.19","26.25","-","0.25","26.26","1","26.29","2","0.00",
="00743","國泰中國A150","3,110","4","84,269","27.11","27.11","27.09","27.09","-","0.04","26.96","35","27.09","35","0.00",
="00752","中信中國50","2,418,849","816","48,637,381","20.37","20.37","19.96","19.97","-","0.40","19.96","11","19.97","42","0.00",
="00753L","中信中國50正2","8,054,312","2,025","125,548,572","15.91","16.02","15.30","15.30","-","0.67","15.30","105","15.31","17","0.00",
="00757","統一FANG+","630,169","752","22,496,440","36.01","36.01","35.48","35.50","-","0.74","35.50","23","35.52","4","0.00",
="00762","元大全球AI","369,579","199","11,252,204","30.70","30.70","30.31","30.34","-","0.71","30.34","6","30.35","1","0.00",
="00763U","期街口道瓊銅","89,001","35","2,109,934","23.92","23.92","23.30","23.30","-","1.02","23.27","51","23.30","2","0.00",
="00770","國泰北美科技","172,840","868","4,759,984","27.70","27.77","27.50","27.52","-","0.59","27.53","2","27.56","50","0.00",
="00771","元大US高息特別股","25,771","982","423,901","16.45","16.51","16.44","16.47","-","0.05","16.48","20","16.49","1","0.00",
="00774B","新光中國政金綠債","2,000","2","82,400","41.20","41.20","41.20","41.20","-","0.05","40.99","1","41.25","1","0.00",
="00774C","新光中政金綠債+R","0","0","0","--","--","--","--"," ","0.00","9.22","2","9.33","2","0.00",
="00775B","新光投等債15+","52,000","4","1,770,470","33.87","34.10","33.87","34.05","+","0.15","33.81","1","34.01","2","0.00",
="00783","富邦中証500","44,912","903","998,527","22.16","22.25","22.16","22.25","-","0.12","22.21","30","22.28","5","0.00",
="008201","BP上證50","2,000","20","219,895","109.80","112.75","109.80","112.75","+","1.50","108.65","1","112.80","1","0.00",
="00830","國泰費城半導體","7,183,466","3,739","157,401,426","22.14","22.14","21.78","21.81","-","0.42","21.81","35","21.82","14","0.00",
="00850","元大臺灣ESG永續","2,734,441","2,134","80,728,576","30.06","30.06","29.15","29.18","-","0.90","29.17","10","29.18","144","0.00",
="00851","台新全球AI","11,109","924","262,007","23.71","23.71","23.61","23.61","-","0.55","23.61","19","23.66","30","0.00",
="00852L","國泰美國道瓊正2","1,252,515","213","20,916,740","16.90","16.90","16.58","16.63","-","0.36","16.63","59","16.66","350","0.00",
="00861","元大全球未來通訊","629,128","223","16,051,780","25.86","25.86","25.44","25.44","-","0.44","25.44","82","25.45","60","0.00",
="00865B","國泰US短期公債","128,717","746","4,987,747","38.69","38.80","38.69","38.78","+","0.15","38.72","36","38.80","2","0.00",
="00875","國泰網路資安","388,755","150","9,640,092","24.93","24.94","24.72","24.74","-","0.47","24.74","26","24.75","1","0.00",
="00876","元大全球5G","4,158,520","1,398","97,531,954","23.80","23.88","23.21","23.25","-","0.78","23.25","35","23.27","9","0.00",
="00878","國泰永續高股息","89,260,485","46,818","1,471,792,467","16.67","16.68","16.39","16.39","-","0.27","16.39","456","16.40","957","0.00",
="00881","國泰台灣5G+","44,080,242","20,149","606,771,817","14.09","14.09","13.55","13.58","-","0.51","13.58","34","13.59","74","0.00",
="00882","中信中國高股息","4,317,450","2,202","58,406,498","13.59","13.62","13.45","13.47","-","0.12","13.46","117","13.47","84","0.00",
="00885","富邦越南","11,287,259","3,878","154,722,178","13.87","13.87","13.64","13.67","-","0.26","13.67","96","13.68","14","0.00",
="00891","中信關鍵半導體","39,742,558","9,968","442,241,826","11.43","11.47","10.94","10.95","-","0.54","10.95","274","10.96","301","0.00",
="00892","富邦台灣半導體","16,040,570","4,296","172,511,341","11.01","11.04","10.51","10.52","-","0.54","10.51","327","10.52","6","0.00",
="00893","國泰智能電動車","33,736,878","8,922","417,928,624","12.46","12.47","12.32","12.33","-","0.23","12.33","492","12.34","515","0.00",
="00894","中信小資高價30","10,034,141","1,719","110,511,532","11.36","11.36","10.79","10.80","-","0.56","10.80","36","10.81","200","0.00",
="00895","富邦未來車","5,560,500","2,258","70,263,962","12.77","12.77","12.55","12.56","-","0.34","12.56","263","12.57","37","0.00",
="00896","中信綠能及電動車","3,314,770","1,477","42,130,095","12.94","12.94","12.50","12.54","-","0.40","12.54","1","12.56","255","0.00",
="00897","富邦基因免疫生技","2,916,699","360","26,468,528","9.14","9.14","9.03","9.03","-","0.11","9.03","243","9.04","37","0.00",
="00898","國泰基因免疫革命","1,840,867","315","12,959,220","7.06","7.09","7.00","7.00","-","0.07","7.00","239","7.01","20","0.00",
="00899","FT潔淨能源","483,602","170","9,865,017","20.43","20.55","20.25","20.30","-","0.01","20.28","6","20.30","19","0.00",
="00900","富邦特選高股息30","20,425,311","6,959","241,312,064","11.99","12.00","11.65","11.69","-","0.32","11.69","285","11.70","107","0.00",
="00901","永豐智能車供應鏈","2,731,707","886","31,368,262","11.79","11.79","11.30","11.33","-","0.49","11.33","43","11.36","20","0.00",
="00902","中信電池及儲能","8,928,346","2,438","124,381,891","14.00","14.03","13.85","13.85","-","0.19","13.85","138","13.86","26","0.00",
="00903","富邦元宇宙","5,963,790","1,313","57,470,452","9.70","9.74","9.56","9.57","-","0.23","9.57","85","9.58","120","0.00",
="00904","新光臺灣半導體30","5,068,425","1,107","54,209,133","11.00","11.00","10.41","10.41","-","0.59","10.41","84","10.42","34","0.00",
="00905","FT臺灣Smart","4,920,455","1,248","41,780,454","8.67","8.67","8.36","8.37","-","0.30","8.37","95","8.38","35","0.00",
="00906","大華元宇宙科技50","43,401","29","398,108","9.22","9.22","9.14","9.16","-","0.22","9.15","1","9.16","1","0.00",
="00907","永豐優息存股","3,552,535","1,399","51,274,056","14.60","14.63","14.32","14.33","-","0.22","14.33","69","14.34","20","0.00",
="00908","富邦入息REITs+","912,086","133","13,126,036","14.44","14.44","14.37","14.38","-","0.08","14.37","40","14.38","1","0.00",
="00911","兆豐洲際半導體","137,242","42","1,905,603","13.94","13.95","13.81","13.81","-","0.20","13.80","65","13.81","27","0.00",
="00912","中信臺灣智慧50","5,601,827","1,677","79,020,299","14.40","14.42","13.81","13.81","-","0.59","13.81","141","13.82","9","0.00",
="01001T","土銀富邦R1","25,010","14","413,551","16.58","16.58","16.50","16.50","-","0.03","16.09","2","16.58","3","0.00",
="01002T","土銀國泰R1","117,570","37","2,107,565","17.67","18.08","17.67","17.99","+","0.01","17.99","7","18.05","10","0.00",
="01003T","兆豐新光R1","53,040","16","1,049,760","19.70","19.80","19.46","19.80","X","0.00","19.80","1","19.85","1","0.00",
="01004T","土銀富邦R2","0","0","0","--","--","--","--"," ","0.00","15.55","30","15.65","11","0.00",
="01007T","兆豐國泰R2","4,000","4","73,030","18.24","18.27","18.24","18.27","+","0.03","18.28","4","18.49","2","0.00",
="01009T","王道圓滿R1","12,000","3","106,680","8.90","8.90","8.88","8.88","-","0.02","8.86","8","8.90","10","0.00",
="01010T","京城樂富R1","204,000","25","2,088,820","10.22","10.25","10.22","10.25"," ","0.00","10.22","2","10.25","17","0.00",
="020000","富邦特選蘋果N","5,000","1","28,950","5.79","5.79","5.79","5.79","X","0.00","5.75","10","5.76","10","0.00",
="020002","元富新中國N","5,000","2","72,400","14.48","14.48","14.48","14.48","-","0.16","14.47","499","14.49","355","0.00",
="020007","凱基臺灣500N","1,000","1","29,200","29.20","29.20","29.20","29.20","X","0.00","28.94","210","28.99","202","0.00",
="020011","統一微波高息20N","0","0","0","--","--","--","--"," ","0.00","6.78","362","6.79","271","0.00",
="020012","富邦行動通訊N","0","0","0","--","--","--","--"," ","0.00","6.15","100","6.16","100","0.00",
="020015","統一MSCI美低波N","0","0","0","--","--","--","--"," ","0.00","13.90","389","13.92","280","0.00",
="020016","統一MSCI美科技N","0","0","0","--","--","--","--"," ","0.00","15.63","401","15.65","283","0.00",
="020018","統一價值成長30N","13,000","4","176,770","13.69","13.70","13.20","13.20","-","0.67","13.19","353","13.20","288","0.00",
="020019","統一特選台灣5GN","34,000","4","381,850","11.26","11.26","10.99","10.99","X","0.00","10.92","422","10.94","311","0.00",
="02001L","富邦蘋果正二N","69,000","19","484,740","7.23","7.26","6.90","6.92","-","0.47","6.87","10","6.88","10","0.00",
="02001R","富邦蘋果反一N","46,000","4","161,880","3.50","3.58","3.50","3.58","+","0.10","3.59","10","3.60","10","0.00",
="020020","元大台股領航N","256,000","86","1,580,540","6.20","6.27","6.12","6.14","-","0.20","6.14","497","6.15","499","0.00",
="020022","元大電動車N","562,000","130","2,589,590","4.68","4.68","4.54","4.56","-","0.15","4.56","489","4.57","499","0.00",
="020028","元大特選電動車N","503,000","131","2,234,170","4.52","4.52","4.38","4.38","-","0.17","4.40","499","4.41","499","0.00",
="020029","元大ESG高股息N","369,000","121","1,589,380","4.40","4.40","4.26","4.27","-","0.13","4.26","502","4.27","484","0.00",
="020030","統一智慧電動車N","615,000","67","2,253,160","3.79","3.79","3.61","3.61","-","0.15","3.60","413","3.61","328","0.00",
="020031","統一IC設計臺灣N","2,586,000","289","8,781,430","3.56","3.56","3.30","3.30","-","0.22","3.30","392","3.31","307","0.00",
="020032","元大綠能N","243,000","66","1,070,110","4.45","4.47","4.36","4.39","-","0.06","4.39","482","4.40","499","0.00",
="020034","元大IC設計N","1,637,000","272","6,186,850","3.92","3.92","3.66","3.66","-","0.28","3.65","516","3.66","483","0.00",
"1101","台泥","26,589,368","12,633","1,074,167,078","39.80","40.95","39.70","40.35","+","0.85","40.30","11","40.35","92","14.06",
"1101B","台泥乙特","2,124","5","109,240","51.40","51.40","51.40","51.40","-","0.20","51.30","1","51.40","19","0.00",
"1102","亞泥","10,146,275","3,917","447,713,042","43.85","44.40","43.85","44.20","+","0.40","44.05","1","44.20","70","10.89",
"1103","嘉泥","411,690","266","7,425,090","18.15","18.25","17.85","17.95","-","0.15","17.95","2","18.00","60","16.47",
"1104","環泥","713,507","433","15,558,931","21.90","21.95","21.65","21.70","-","0.30","21.65","17","21.70","5","10.19",
"1108","幸福","276,500","173","2,916,768","10.65","10.70","10.40","10.50","-","0.20","10.45","9","10.50","34","16.15",
"1109","信大","323,590","189","6,384,374","19.90","20.00","19.60","19.70","-","0.15","19.70","5","19.75","1","10.10",
"1110","東泥","417,041","138","8,150,742","19.80","20.10","19.30","19.35","-","0.45","19.35","3","19.45","4","71.67",
"1201","味全","777,419","471","15,759,156","20.20","20.45","20.10","20.20"," ","0.00","20.20","11","20.25","11","19.61",
"1203","味王","53,479","55","1,799,949","34.45","34.45","33.25","33.30","-","0.30","33.25","3","33.50","31","17.25",
"1210","大成","749,787","739","35,550,988","47.50","47.90","47.15","47.35","-","0.20","47.30","3","47.35","3","23.33",
"1213","大飲","33,897","18","248,568","7.52","7.53","7.21","7.22","-","0.31","7.22","7","7.92","2","0.00",
"1215","卜蜂","475,065","870","37,994,390","80.90","80.90","79.20","79.90","-","1.00","79.90","1","80.00","9","16.51",
"1216","統一","12,228,370","6,248","829,660,381","67.30","68.30","67.20","67.90","+","0.90","67.70","56","67.90","133","20.64",
"1217","愛之味","1,555,731","756","16,077,857","10.60","10.60","10.20","10.25","-","0.20","10.20","306","10.25","26","27.70",
"1218","泰山","277,976","231","8,400,184","30.30","30.55","30.00","30.05","-","0.45","30.05","13","30.10","2","25.68",
"1219","福壽","2,386,382","905","48,182,167","20.70","20.70","19.95","19.95","-","0.65","19.95","73","20.00","11","22.17",
"1220","台榮","952,565","492","14,776,204","15.80","15.90","15.30","15.30","-","0.50","15.25","17","15.30","16","18.43",
"1225","福懋油","33,001","34","1,636,057","50.80","50.80","49.00","49.40","-","0.30","49.40","3","49.80","11","23.64",
"1227","佳格","540,560","621","24,981,611","46.55","46.65","46.00","46.10","-","0.45","46.05","10","46.10","5","18.89",
"1229","聯華","1,057,599","1,548","58,258,804","56.30","56.30","54.60","54.70","-","1.40","54.70","15","54.80","23","18.67",
"1231","聯華食","486,271","839","42,563,752","88.80","88.80","87.00","87.40","-","1.10","87.30","6","87.50","5","20.81",
"1232","大統益","76,298","263","11,550,220","150.50","153.00","150.00","152.00","+","0.50","151.50","3","152.00","3","19.77",
"1233","天仁","10,002","11","337,917","33.45","34.45","33.45","33.85","+","0.15","33.85","3","34.20","1","69.08",
"1234","黑松","71,674","71","2,477,910","34.60","34.80","34.50","34.55","-","0.25","34.55","8","34.60","5","17.63",
"1235","興泰","19,011","16","1,092,638","57.50","58.50","57.20","58.50","+","0.40","57.90","1","58.00","2","49.58",
"1236","宏亞","2,228,761","1,355","62,017,453","29.05","29.30","26.80","26.80","-","2.20","26.80","29","27.00","3","8.70",
"1256","鮮活果汁-KY","16,753","154","4,631,312","281.00","282.50","274.00","274.00"," ","0.00","274.00","1","276.00","1","16.74",
"1301","台塑","15,484,660","4,929","1,675,723,044","109.00","109.50","107.00","108.00","-","0.50","107.50","195","108.00","188","9.42",
"1303","南亞","14,767,565","6,928","1,224,385,169","83.00","83.60","82.40","82.70","-","0.30","82.60","135","82.70","9","8.34",
"1304","台聚","4,448,764","2,179","107,003,107","24.70","24.75","23.70","23.70","-","1.05","23.70","51","23.75","6","5.67",
"1305","華夏","1,118,417","760","33,553,267","30.60","30.90","29.50","29.50","-","1.10","29.50","53","29.55","5","8.19",
"1307","三芳","188,399","128","3,764,052","20.00","20.15","19.85","19.85","-","0.20","19.85","1","20.00","1","397.00",
"1308","亞聚","3,403,877","1,834","93,628,032","28.15","28.20","27.10","27.10","-","1.10","27.10","44","27.15","66","5.79",
"1309","台達化","1,141,144","738","30,655,851","27.60","27.65","26.45","26.45","-","1.35","26.45","16","26.50","1","6.18",
"1310","台苯","1,277,604","986","18,046,687","14.10","14.35","14.00","14.05","-","0.30","14.05","5","14.10","9","0.00",
"1312","國喬","6,055,474","2,210","133,754,887","22.50","22.65","21.75","21.95","-","0.75","21.90","8","21.95","3","4.48",
"1312A","國喬特","31,000","16","1,035,550","33.55","33.60","33.20","33.20","-","0.35","32.80","3","33.50","5","0.00",
"1313","聯成","2,847,552","1,333","43,510,627","15.65","15.85","15.00","15.00","-","0.70","14.95","16","15.00","42","10.71",
"1314","中石化","21,760,309","6,713","201,981,526","9.59","9.59","9.05","9.08","-","0.52","9.07","164","9.08","28","13.16",
"1315","達新","37,341","135","2,719,004","73.10","74.20","72.00","73.40","-","0.10","71.10","1","73.50","1","128.77",
"1316","上曜","2,549,844","1,086","37,953,709","15.15","15.50","14.35","14.40","-","0.70","14.40","40","14.45","16","0.00",
"1319","東陽","16,489,305","9,441","770,151,490","48.30","48.60","45.45","46.60","-","2.75","46.55","1","46.60","1","37.28",
"1321","大洋","199,547","128","6,366,117","32.10","32.10","31.75","31.85","-","0.20","31.85","1","31.90","6","127.40",
"1323","永裕","110,625","78","3,699,486","34.00","34.00","33.25","33.25","-","0.55","33.20","2","33.25","4","10.76",
"1324","地球","127,041","40","1,339,794","10.65","10.65","10.45","10.55","-","0.25","10.50","10","10.55","1","527.50",
"1325","恆大","394,352","321","10,564,990","27.60","27.60","26.20","26.20","-","1.40","26.15","5","26.45","3","17.82",
"1326","台化","5,118,191","2,913","379,260,394","74.50","75.00","73.50","73.70","-","1.00","73.70","43","73.80","69","13.67",
"1337","再生-KY","354,544","296","2,191,199","6.20","6.25","6.11","6.11","-","0.11","6.11","7","6.14","3","0.00",
"1338","廣華-KY","469,343","339","26,627,337","58.40","58.70","55.40","55.50","-","2.90","55.50","7","55.70","4","12.94",
"1339","昭輝","551,093","420","21,863,978","40.60","40.90","38.55","38.60","-","1.70","38.60","2","38.65","3","14.90",
"1340","勝悅-KY","260,690","224","2,674,837","10.65","10.80","9.99","10.05","+","0.05","10.05","4","10.15","8","0.00",
"1341","富林-KY","15,083","18","1,116,479","74.00","74.20","73.80","73.80","-","0.20","73.70","1","73.80","1","14.06",
"1342","八貫","231,919","191","14,375,724","63.70","64.00","60.70","60.90","-","2.70","60.90","2","61.00","1","12.99",
"1402","遠東新","8,594,519","2,816","270,344,113","31.85","31.90","31.15","31.15","-","0.65","31.15","231","31.20","24","17.12",
"1409","新纖","3,404,305","1,484","60,900,671","18.10","18.20","17.75","17.80","-","0.35","17.80","66","17.85","106","7.09",
"1410","南染","67,020","33","2,330,249","35.60","35.60","34.00","35.00","-","1.05","34.95","1","35.00","2","30.17",
"1413","宏洲","209,847","91","2,045,166","9.94","9.94","9.65","9.85","-","0.13","9.85","40","9.88","1","8.95",
"1414","東和","353,356","196","5,890,705","17.15","17.15","16.40","16.60","-","0.50","16.55","2","16.60","8","24.78",
"1416","廣豐","112,706","245","1,161,890","10.40","10.40","10.25","10.25","-","0.20","10.25","29","10.30","7","21.81",
"1417","嘉裕","325,493","145","3,375,508","10.50","10.60","10.15","10.30","-","0.40","10.20","12","10.30","4","1,030.00",
"1418","東華","14,005","19","228,380","16.10","16.60","16.10","16.50"," ","0.00","16.25","1","16.50","4","0.00",
"1419","新紡","66,133","62","2,738,514","41.80","41.80","41.10","41.15"," ","0.00","41.10","12","41.25","1","6.80",
"1423","利華","47,588","52","927,746","19.50","19.55","19.45","19.45","-","0.25","19.45","19","19.55","5","16.91",
"1432","大魯閣","397,275","448","4,562,972","11.70","11.80","11.25","11.60","-","0.05","11.60","7","11.70","6","0.00",
"1434","福懋","1,190,091","716","31,562,204","26.65","26.80","26.30","26.35","-","0.30","26.35","4","26.40","4","20.91",
"1435","中福","383,192","210","24,210,155","60.00","64.60","59.00","63.60","+","4.80","63.60","2","64.00","6","62.97",
"1436","華友聯","74,484","115","4,736,126","64.50","64.50","63.20","63.40","-","1.20","63.30","2","63.40","2","17.14",
"1437","勤益控","290,722","205","6,885,317","24.15","24.15","23.35","23.35","-","0.80","23.35","3","23.45","10","11.68",
"1438","三地開發","39,000","35","1,200,450","31.05","31.15","30.55","30.70","-","0.70","30.70","3","30.75","3","63.96",
"1439","中和","31,450","24","609,212","19.60","19.65","19.10","19.25","-","0.10","19.25","3","19.40","5","13.95",
"1440","南紡","4,345,667","2,134","80,771,712","19.20","19.20","18.15","18.20","-","1.00","18.20","49","18.25","94","11.74",
"1441","大東","100,113","298","802,385","7.99","8.05","7.95","7.99","-","0.01","7.98","1","8.00","5","0.00",
"1442","名軒","224,159","105","4,933,124","22.05","22.35","21.95","21.95"," ","0.00","21.95","30","22.00","2","17.02",
"1443","立益","117,353","59","1,881,167","16.30","16.30","15.95","16.05","-","0.25","16.00","2","16.10","3","7.87",
"1444","力麗","3,541,322","835","35,967,033","10.30","10.35","10.05","10.10","-","0.25","10.10","14","10.15","87","11.48",
"1445","大宇","65,715","47","997,784","15.30","15.30","15.05","15.20","-","0.10","15.15","1","15.20","5","0.00",
"1446","宏和","136,456","94","4,373,436","32.45","32.50","31.45","31.45","-","1.10","31.45","1","31.75","1","0.00",
"1447","力鵬","4,007,761","1,172","29,865,049","7.68","7.68","7.29","7.58","-","0.11","7.53","1","7.58","14","28.07",
"1449","佳和","585,077","185","5,489,005","9.75","9.79","9.25","9.32","-","0.47","9.32","1","9.35","4","6.70",
"1451","年興","583,582","326","13,537,498","23.50","23.70","22.65","22.75","-","0.90","22.75","4","22.80","4","12.43",
"1452","宏益","726,208","389","15,494,287","21.50","21.50","21.15","21.20","-","0.30","21.15","10","21.20","59","10.50",
"1453","大將","2,138,569","1,273","41,250,922","19.55","20.20","18.20","18.30","-","1.05","18.30","10","18.35","38","13.66",
"1454","台富","600,795","483","7,768,789","13.15","13.50","12.60","12.70","-","0.50","12.70","17","12.90","1","84.67",
"1455","集盛","2,348,268","841","25,581,116","11.15","11.25","10.65","10.65","-","0.60","10.65","46","10.70","46","9.18",
"1456","怡華","80,007","56","1,302,912","16.75","16.75","15.95","16.15","-","0.45","16.00","2","16.15","20","5.14",
"1457","宜進","1,109,468","349","19,946,955","18.20","18.20","17.80","17.80","-","0.40","17.80","15","17.85","4","3.63",
"1459","聯發","705,298","350","6,910,939","9.70","10.05","9.65","9.66","+","0.03","9.66","17","9.77","1","5.37",
"1460","宏遠","1,066,929","403","7,882,013","7.43","7.53","7.30","7.30","-","0.13","7.30","4","7.32","23","0.00",
"1463","強盛","119,296","45","1,648,100","13.90","13.90","13.80","13.80","-","0.10","13.80","7","13.85","3","41.82",
"1464","得力","659,962","1,009","8,761,152","13.60","13.75","13.00","13.05","-","0.55","13.05","11","13.10","6","24.62",
"1465","偉全","84,779","183","1,053,393","12.55","12.65","12.25","12.30","-","0.35","12.30","1","12.40","1","0.00",
"1466","聚隆","353,159","156","4,177,887","12.15","12.30","11.50","11.60","-","0.65","11.60","38","11.65","2","7.07",
"1467","南緯","1,744,413","449","23,427,854","13.50","13.60","13.25","13.50","+","0.10","13.45","10","13.50","3","0.00",
"1468","昶和","52,000","41","653,400","12.65","12.70","12.45","12.55","-","0.15","12.45","7","12.55","3","0.00",
"1470","大統新創","180,066","127","3,899,823","21.55","23.10","20.80","20.90","-","1.40","20.90","10","20.95","1","20.90",
"1471","首利","778,276","334","5,947,525","7.89","8.02","7.50","7.50","-","0.37","7.50","37","7.51","1","0.00",
"1472","三洋實業","12,049","15","285,927","25.30","25.30","22.90","23.95","-","1.35","22.85","1","24.00","1","0.00",
"1473","台南","159,518","165","2,977,484","18.55","18.85","18.45","18.65","-","0.20","18.55","11","18.65","2","0.00",
"1474","弘裕","483,784","211","5,688,690","12.05","12.10","11.25","11.25","-","0.85","11.25","9","11.30","3","11.03",
"1475","業旺","42,060","32","2,288,758","54.30","55.00","53.50","53.80","-","0.50","53.30","4","54.10","1","24.79",
"1476","儒鴻","1,213,556","1,301","496,871,049","424.50","424.50","403.00","405.50","-","10.00","405.50","1","406.50","12","19.94",
"1477","聚陽","1,599,870","1,355","224,266,012","140.50","143.50","138.50","139.50","-","1.50","139.50","6","140.00","6","11.64",
"1503","士電","503,038","365","30,959,807","61.00","62.90","60.40","60.40","-","1.40","60.30","15","60.50","1","16.82",
"1504","東元","22,747,073","10,086","678,770,635","30.15","30.45","29.00","29.05","-","0.80","29.05","257","29.10","8","14.38",
"1506","正道","992,174","356","15,856,124","16.00","16.10","15.70","16.00"," ","0.00","16.00","2","16.05","18","47.06",
"1512","瑞利","178,396","54","605,995","3.35","3.55","3.30","3.30","-","0.05","3.27","3","3.30","20","0.00",
"1513","中興電","58,878,264","31,017","3,289,217,924","57.30","57.30","52.70","55.50","+","0.40","55.40","36","55.50","123","13.60",
"1514","亞力","5,131,319","2,887","153,107,261","30.45","30.85","29.00","29.10","-","0.80","29.10","21","29.20","39","16.72",
"1515","力山","1,109,390","642","29,590,572","26.60","27.30","26.00","26.10","-","0.70","26.05","4","26.10","16","7.00",
"1516","川飛","588,076","363","12,820,724","22.60","22.60","20.95","21.05","-","1.65","21.05","6","21.25","1","9.93",
"1517","利奇","1,426,591","796","31,288,806","22.70","22.70","21.20","21.25","-","1.10","21.20","18","21.25","23","9.49",
"1519","華城","1,571,997","1,155","55,112,180","36.20","36.55","33.80","33.80","-","1.85","33.75","6","33.85","28","32.19",
"1521","大億","97,552","89","3,382,776","35.30","35.50","34.30","34.35","-","0.75","34.35","8","34.50","4","32.10",
"1522","堤維西","10,513,791","4,931","296,151,139","27.70","28.65","27.55","27.90","-","0.20","27.90","48","27.95","179","24.47",
"1522A","堤維西甲特","6,018","7","266,151","43.00","44.50","43.00","44.50","X","0.00","44.45","2","44.50","1","0.00",
"1524","耿鼎","22,101,995","7,742","408,595,519","19.10","19.50","17.80","17.95","-","1.15","17.95","124","18.00","89","29.92",
"1525","江申","85,030","76","5,028,680","59.50","59.80","58.70","58.70","-","0.80","58.50","3","59.10","1","15.37",
"1526","日馳","615,815","372","27,444,891","45.50","45.70","43.80","43.95","-","1.80","43.90","5","44.00","1","8.79",
"1527","鑽全","890,901","614","39,017,390","45.20","45.20","43.00","43.00","-","1.75","42.95","10","43.00","14","11.32",
"1528","恩德","497,887","246","4,509,915","9.11","9.29","8.95","8.95","-","0.15","8.93","6","8.98","20","7.58",
"1529","樂士","1,006,079","592","18,124,141","18.70","18.80","17.10","17.15","-","1.55","17.15","23","17.25","2","20.42",
"1530","亞崴","35,333","37","1,078,840","30.60","30.60","30.20","30.20","-","0.20","30.15","2","30.55","1","17.16",
"1531","高林股","254,806","268","3,585,117","14.20","14.30","13.90","13.90","-","0.35","13.90","2","14.00","3","11.68",
"1532","勤美","332,419","227","10,474,361","31.70","31.95","31.20","31.30","-","0.55","31.30","26","31.45","18","8.51",
"1533","車王電","1,602,577","1,077","89,704,277","58.10","58.20","54.50","54.50","-","3.50","54.50","5","54.60","31","55.05",
"1535","中宇","74,022","52","3,051,157","41.45","41.90","40.95","40.95","-","0.50","40.90","6","41.10","1","11.97",
"1536","和大","1,606,901","1,045","96,720,363","60.90","61.20","59.60","59.90","-","1.30","59.90","2","60.00","7","53.48",
"1537","廣隆","88,147","119","11,897,626","136.00","136.00","134.50","134.50","-","1.00","134.50","13","135.00","2","16.94",
"1538","正峰","501","5","3,021","--","--","--","--"," ","0.00","6.50","2","7.30","2","0.00",
"1539","巨庭","5,390,799","3,177","146,904,313","28.10","28.45","26.25","26.25","-","1.85","26.25","5","26.35","4","9.69",
"1540","喬福","322,614","228","4,871,410","15.35","15.35","14.85","15.00","-","0.25","15.00","2","15.05","4","150.00",
"1541","錩泰","437,550","344","17,533,953","41.40","42.30","38.70","38.70","-","2.95","38.70","39","38.80","3","7.80",
"1558","伸興","80,074","87","11,075,028","137.50","139.50","137.50","138.00","-","1.00","137.50","9","138.50","5","23.47",
"1560","中砂","20,845,910","14,295","2,957,714,690","144.50","148.00","137.00","137.00","-","9.00","137.00","135","138.00","5","23.30",
"1568","倉佑","2,068,611","1,199","47,638,776","23.20","23.85","22.30","22.30","-","0.75","22.25","7","22.30","7","30.14",
"1582","信錦","266,679","229","17,761,012","68.00","68.00","66.00","66.30","-","0.50","66.20","3","66.30","4","52.20",
"1583","程泰","7,000","6","408,800","59.00","59.00","58.20","58.20","-","0.50","58.20","7","58.70","3","17.43",
"1587","吉茂","496,133","194","11,708,832","24.05","24.25","23.05","23.05","-","1.30","23.05","8","23.15","1","14.50",
"1589","永冠-KY","626,561","372","35,737,657","57.00","58.30","55.90","55.90","-","1.10","55.90","4","56.10","5","0.00",
"1590","亞德客-KY","500,029","577","486,529,301","991.00","1,000.00","958.00","960.00","-","31.00","959.00","4","960.00","1","28.78",
"1597","直得","146,369","293","10,702,496","74.20","75.00","72.00","72.00","-","3.50","71.90","3","72.00","7","18.46",
"1598","岱宇","1,454,610","1,244","59,661,303","40.00","42.15","39.70","40.45","+","1.15","40.40","21","40.45","4","38.89",
"1603","華電","560,506","300","14,677,508","27.05","27.45","25.80","25.80","-","1.40","25.80","11","26.10","20","16.43",
"1604","聲寶","1,263,142","837","37,228,663","29.70","29.85","28.75","29.20","-","0.45","29.20","4","29.25","14","6.39",
"1605","華新","50,611,982","20,440","1,782,263,219","35.80","36.10","34.40","34.70","-","1.35","34.70","424","34.75","82","7.17",
"1608","華榮","2,451,879","1,471","39,710,301","17.00","17.00","15.75","15.75","-","1.15","15.70","144","15.75","167","15.75",
"1609","大亞","22,321,516","9,486","575,672,340","26.15","26.40","24.80","25.15","-","0.75","25.15","168","25.20","86","13.31",
"1611","中電","11,005,372","5,266","220,007,136","20.10","20.70","19.25","19.30","-","0.65","19.25","58","19.30","7","22.44",
"1612","宏泰","3,148,659","1,430","64,655,708","21.20","21.20","20.15","20.15","-","1.20","20.15","21","20.20","67","2.42",
"1614","三洋電","360,353","128","13,591,966","38.00","38.05","37.20","37.35","-","0.60","37.35","2","37.40","1","26.68",
"1615","大山","77,010","68","2,480,908","32.65","32.65","32.05","32.05","-","0.60","32.05","1","32.30","2","8.59",
"1616","億泰","545,354","220","4,359,853","8.30","8.30","7.82","7.84","-","0.51","7.84","3","7.88","10","15.08",
"1617","榮星","98,955","50","1,575,484","15.95","16.05","15.85","15.85","-","0.25","15.85","4","15.90","1","13.32",
"1618","合機","245,356","157","3,071,981","12.80","12.80","12.25","12.25","-","0.45","12.25","4","12.30","2","10.21",
"1626","艾美特-KY","155,488","225","2,702,866","17.90","17.90","17.05","17.40"," ","0.00","17.40","2","17.45","6","15.40",
"1701","中化","1,070,537","600","23,191,680","22.25","22.25","21.40","21.40","-","0.70","21.40","43","21.45","2","13.29",
"1702","南僑","251,876","269","11,367,564","45.80","45.80","44.95","45.15","-","0.55","45.10","4","45.15","6","11.46",
"1707","葡萄王","167,330","299","21,951,069","133.00","133.00","130.50","131.00","-","2.50","130.50","2","131.00","2","14.89",
"1708","東鹼","6,882,346","3,817","308,688,720","45.70","45.95","43.45","43.45","-","1.85","43.45","27","43.50","53","10.89",
"1709","和益","2,714,100","1,410","62,472,964","23.70","23.75","22.70","22.70","-","1.00","22.70","52","22.75","13","10.61",
"1710","東聯","2,847,231","1,309","50,371,316","18.00","18.00","17.50","17.85","X","0.00","17.70","1","17.85","7","59.50",
"1711","永光","3,233,440","1,613","61,594,440","19.20","19.60","18.65","18.70","-","0.50","18.70","17","18.75","66","21.74",
"1712","興農","2,305,465","1,484","69,146,664","30.55","30.55","29.70","29.80","-","0.90","29.75","45","29.80","8","10.96",
"1713","國化","122,635","71","2,952,187","24.25","24.25","23.90","23.90","-","0.35","23.90","14","24.00","10","21.34",
"1714","和桐","3,343,021","1,177","29,773,377","9.10","9.10","8.78","8.86","-","0.26","8.86","3","8.87","4","14.52",
"1717","長興","2,793,957","1,741","90,904,952","32.35","33.10","32.15","32.15","-","0.20","32.15","25","32.20","19","11.05",
"1718","中纖","4,740,666","1,638","36,315,861","7.90","7.90","7.50","7.52","-","0.43","7.51","27","7.52","62","0.00",
"1720","生達","825,283","736","37,097,893","45.10","45.50","44.55","44.90","+","0.05","44.75","2","44.90","16","11.94",
"1721","三晃","2,792,049","1,392","44,712,932","16.40","16.80","15.50","15.50","-","1.10","15.50","63","15.55","55","0.00",
"1722","台肥","3,175,626","2,475","199,853,065","63.40","63.70","62.00","62.30","-","1.60","62.20","42","62.30","30","19.90",
"1723","中碳","857,840","695","99,072,309","116.00","117.00","114.50","115.00","-","1.50","115.00","2","115.50","9","22.12",
"1725","元禎","37,162","34","786,757","21.40","21.40","21.10","21.10","-","0.25","21.05","2","21.15","1","12.06",
"1726","永記","60,745","66","4,347,959","71.60","72.60","71.10","71.10","-","0.60","71.10","10","71.20","1","14.14",
"1727","中華化","2,295,358","1,335","71,284,798","31.75","33.35","30.00","30.00","-","1.75","30.00","2","30.05","40","15.96",
"1730","花仙子","12,726","40","741,296","58.20","58.80","58.00","58.20"," ","0.00","58.10","5","58.30","1","14.06",
"1731","美吾華","502,715","259","8,568,075","17.45","17.45","16.75","16.75","-","0.70","16.75","33","16.80","12","13.29",
"1732","毛寶","1,235,830","749","33,811,723","27.45","28.05","26.65","27.00","-","0.45","27.00","2","27.05","5","79.41",
"1733","五鼎","1,785,813","1,013","48,340,881","27.50","27.75","26.35","26.35","-","0.65","26.35","7","26.65","1","12.31",
"1734","杏輝","1,715,597","1,001","49,823,611","29.40","29.55","28.65","28.70","-","1.05","28.70","4","28.75","32","318.89",
"1735","日勝化","349,466","243","5,418,132","16.10","16.65","15.15","15.15","-","1.65","--","0","15.15","14","0.00",
"1736","喬山","369,060","213","20,018,226","53.80","56.90","52.60","53.70","-","0.80","53.70","4","54.00","3","315.88",
"1737","臺鹽","195,333","183","6,481,958","33.40","33.40","33.00","33.00","-","0.40","33.00","2","33.15","2","15.79",
"1752","南光","79,100","58","2,781,020","35.45","35.75","34.80","34.90","-","0.35","34.90","2","35.00","1","18.37",
"1760","寶齡富錦","24,053,195","13,994","2,862,900,894","119.50","123.50","114.00","122.00","+","2.00","122.00","67","122.50","118","61.93",
"1762","中化生","778,087","611","39,359,232","52.80","52.80","49.50","49.50","-","3.10","49.50","2","49.55","14","8.92",
"1773","勝一","865,186","1,195","125,344,099","150.50","151.00","140.50","140.50","-","10.00","140.00","51","140.50","8","16.34",
"1776","展宇","30,000","28","574,800","19.70","19.70","19.00","19.00","-","0.30","19.00","7","19.10","6","9.55",
"1783","和康生","6,637,897","4,291","302,600,369","48.30","48.90","43.20","43.20","-","4.80","--","0","43.20","73","38.57",
"1786","科妍","85,974","88","3,476,533","40.50","40.85","40.05","40.35","-","0.15","40.35","1","40.45","1","25.70",
"1789","神隆","1,682,776","850","42,799,516","25.90","26.05","24.95","25.10","-","0.65","25.00","16","25.10","3","86.55",
"1795","美時","18,777,859","12,198","2,748,329,515","152.50","154.00","141.00","142.50","-","11.00","142.50","115","143.00","20","26.69",
"1802","台玻","6,727,697","3,388","115,966,926","18.00","18.00","16.95","17.05","-","0.80","17.05","26","17.10","39","4.57",
"1805","寶徠","21,094","16","236,693","11.15","11.30","11.15","11.30","-","0.05","11.10","8","11.30","1","0.00",
"1806","冠軍","856,025","251","9,423,263","11.00","11.10","10.90","11.00"," ","0.00","10.95","18","11.00","32","4.15",
"1808","潤隆","179,411","179","11,932,752","66.80","67.30","65.90","65.90","-","1.20","65.90","5","66.40","6","20.59",
"1809","中釉","554,790","251","6,360,491","11.75","11.75","11.20","11.30","-","0.40","11.25","6","11.30","7","41.85",
"1810","和成","596,809","245","6,765,645","11.55","11.65","11.10","11.15","-","0.40","11.15","35","11.20","6","3.08",
"1817","凱撒衛","107,614","92","3,548,126","33.20","33.20","32.80","32.85","-","0.25","32.90","1","33.00","2","10.56",
"1903","士紙","114,552","88","6,467,877","57.60","57.60","55.90","56.30","-","0.40","56.10","1","56.30","2","0.00",
"1904","正隆","2,532,042","1,742","64,270,621","26.00","26.00","25.10","25.20","-","0.85","25.20","4","25.25","27","8.08",
"1905","華紙","2,362,029","1,404","41,844,923","18.75","18.75","17.10","17.10","-","1.50","17.10","58","17.20","46","55.16",
"1906","寶隆","495,631","241","9,797,159","19.80","20.20","19.30","19.45","-","0.45","19.40","7","19.45","8","13.14",
"1907","永豐餘","2,638,335","1,405","65,705,586","25.50","25.55","24.35","24.40","-","1.05","24.40","15","24.50","16","10.43",
"1909","榮成","4,888,788","1,984","79,849,191","16.80","16.80","16.10","16.10","-","0.70","16.10","146","16.15","24","11.10",
"2002","中鋼","35,253,573","15,550","1,012,042,910","28.45","28.95","28.35","28.70","+","0.25","28.65","264","28.70","224","6.87",
"2002A","中鋼特","50,251","21","2,553,456","50.90","50.90","50.70","50.80","-","0.10","50.70","9","50.80","5","0.00",
"2006","東和鋼鐵","4,101,889","3,282","207,051,361","51.90","52.00","49.75","49.85","-","2.05","49.85","17","49.90","20","6.37",
"2007","燁興","1,775,422","831","20,909,081","12.10","12.30","11.20","11.30","-","0.85","11.25","33","11.30","1","0.00",
"2008","高興昌","80,195","43","1,333,107","16.70","16.85","16.45","16.60","-","0.15","16.50","10","16.75","7","57.24",
"2009","第一銅","2,204,023","1,322","62,388,868","29.20","29.20","27.50","27.60","-","1.75","27.60","28","27.65","27","30.67",
"2010","春源","1,343,050","791","21,043,630","15.80","16.10","15.30","15.40","-","0.60","15.35","16","15.40","17","8.70",
"2012","春雨","159,923","142","3,939,417","24.55","25.00","23.90","25.00","+","0.45","25.00","17","25.10","1","8.59",
"2013","中鋼構","438,896","341","23,828,588","55.30","55.30","53.30","53.30","-","2.00","53.30","4","53.50","9","20.19",
"2014","中鴻","11,912,999","4,629","320,333,354","26.70","27.45","26.30","26.60","-","0.25","26.60","265","26.65","17","7.41",
"2015","豐興","230,023","213","15,616,260","68.10","68.50","67.50","67.70","-","0.70","67.70","41","68.00","2","9.29",
"2017","官田鋼","1,066,833","716","13,771,579","13.20","13.40","12.55","12.55","-","0.65","12.55","5","12.60","7","7.70",
"2020","美亞","678,921","424","14,136,363","20.70","21.25","20.35","20.35","-","0.45","20.30","5","20.40","12","7.14",
"2022","聚亨","1,637,297","633","13,240,432","8.29","8.29","7.95","8.00","-","0.30","7.97","6","8.00","30","14.04",
"2023","燁輝","6,151,753","2,872","100,720,505","16.65","16.90","16.00","16.10","-","0.50","16.05","70","16.10","6","5.81",
"2024","志聯","156,333","105","2,728,030","17.60","17.95","17.10","17.15","-","0.90","17.15","4","17.20","2","11.67",
"2025","千興","266,708","90","1,436,724","5.36","5.47","5.30","5.40","-","0.02","5.31","4","5.40","2","2.52",
"2027","大成鋼","15,113,759","6,451","507,154,173","34.00","34.35","33.05","33.10","-","0.75","33.10","111","33.15","137","4.68",
"2028","威致","1,662,909","838","40,498,894","24.90","25.10","23.70","23.70","-","1.15","23.70","3","23.75","24","4.67",
"2029","盛餘","1,127,221","610","29,032,562","25.95","26.45","25.25","25.30","-","0.65","25.30","17","25.35","1","6.55",
"2030","彰源","3,050,006","1,541","69,794,327","23.25","23.55","22.30","22.30","-","1.05","22.30","57","22.35","54","4.38",
"2031","新光鋼","3,270,534","1,924","126,734,340","39.50","39.80","37.85","37.85","-","1.80","37.80","40","37.85","3","5.20",
"2032","新鋼","1,074,450","622","20,297,802","19.10","19.40","18.50","18.50","-","0.65","18.50","13","18.55","10","14.12",
"2033","佳大","351,395","203","5,212,923","15.70","15.70","14.15","14.15","-","1.45","14.10","8","14.15","16","88.44",
"2034","允強","1,851,706","1,117","49,100,895","26.95","27.15","26.10","26.10","-","0.65","26.10","7","26.15","22","7.81",
"2038","海光","1,348,850","840","26,286,059","19.80","20.30","18.80","18.80","-","1.15","18.80","13","18.85","5","7.40",
"2049","上銀","4,058,360","3,381","953,572,314","238.00","243.00","226.50","228.00","-","10.50","227.50","28","228.50","8","17.80",
"2059","川湖","247,050","308","97,224,645","407.00","409.50","387.00","388.50","-","19.50","388.00","2","388.50","2","14.52",
"2062","橋椿","1,077,623","376","24,959,026","23.50","23.55","22.50","22.55","-","0.70","22.55","12","22.60","1","9.02",
"2069","運錩","1,114,012","658","23,038,228","21.30","21.35","20.10","20.10","-","1.20","20.05","20","20.10","10","4.67",
"2101","南港","887,607","668","33,560,202","37.85","38.30","37.50","37.75","-","0.45","37.75","1","37.80","3","0.00",
"2102","泰豐","1,424,652","515","26,533,606","19.05","19.20","18.30","18.35","-","0.70","18.30","165","18.35","5","0.00",
"2103","台橡","2,001,348","1,151","58,860,863","29.70","30.05","28.90","28.95","-","0.70","28.90","31","28.95","1","6.48",
"2104","國際中橡","1,990,730","870","38,291,716","19.35","19.60","19.05","19.05","-","0.30","19.05","75","19.10","13","5.81",
"2105","正新","4,149,157","2,386","143,650,249","35.15","35.20","34.20","34.25","-","1.15","34.25","18","34.30","26","22.99",
"2106","建大","8,259,236","4,581","274,631,541","34.00","34.00","32.50","32.85","-","1.75","32.85","77","32.90","22","71.41",
"2107","厚生","542,501","405","10,747,935","19.90","20.10","19.65","19.70","X","0.00","19.70","2","19.75","2","9.29",
"2108","南帝","1,507,072","1,226","63,235,892","42.10","42.90","41.05","41.15","-","1.40","41.15","2","41.20","16","3.87",
"2109","華豐","214,964","145","3,200,411","14.90","15.10","14.75","14.80","-","0.10","14.80","3","14.85","47","11.94",
"2114","鑫永銓","153,886","168","18,276,209","121.50","121.50","116.50","116.50","-","5.00","116.00","3","117.50","1","9.47",
"2115","六暉-KY","84,071","68","2,862,404","34.15","34.20","33.90","33.95","-","0.15","33.95","8","34.50","1","9.76",
"2201","裕隆","17,387,622","8,464","786,362,820","47.20","47.20","44.35","44.40","-","2.80","44.40","12","44.45","179","8.12",
"2204","中華","1,359,728","799","83,830,270","62.00","62.60","60.80","60.80","-","1.30","60.80","40","61.00","1","8.00",
"2206","三陽工業","9,521,806","4,773","320,294,264","34.95","34.95","33.00","33.00","-","2.25","32.95","154","33.00","35","11.74",
"2207","和泰車","234,129","304","142,913,933","608.00","620.00","603.00","608.00","+","2.00","605.00","2","608.00","4","21.42",
"2208","台船","1,899,704","1,509","33,307,481","17.90","18.00","17.20","17.25","-","0.65","17.25","3","17.30","11","0.00",
"2211","長榮鋼","478,024","418","28,634,273","60.00","60.70","58.90","58.90","-","1.40","58.90","3","59.00","3","18.01",
"2227","裕日車","48,656","466","11,165,012","228.00","233.00","227.50","228.50","+","1.50","228.00","5","229.00","2","22.67",
"2228","劍麟","84,109","76","5,543,396","66.30","67.40","64.10","65.00","-","1.30","64.70","1","65.60","2","20.25",
"2231","為升","851,774","502","107,817,157","130.00","130.00","122.00","130.00","-","0.50","129.50","3","130.00","4","32.02",
"2233","宇隆","991,582","994","121,314,472","124.00","124.00","120.50","122.00","-","1.50","121.50","18","122.00","21","12.36",
"2236","百達-KY","195,117","61","4,950,566","25.45","25.50","25.10","25.10","-","0.25","25.00","7","25.25","1","16.73",
"2239","英利-KY","143,038","100","8,050,898","56.80","58.00","55.10","56.00","-","1.00","55.60","1","56.10","4","14.70",
"2241","艾姆勒","173,039","129","5,506,051","32.20","32.75","31.15","31.20","-","0.95","31.20","6","31.30","4","0.00",
"2243","宏旭-KY","271,161","167","3,865,144","14.60","14.80","13.80","13.90","-","1.00","13.90","5","14.00","5","0.00",
"2247","汎德永業","63,575","90","13,040,575","206.00","206.50","204.00","205.00","-","0.50","204.50","2","205.50","6","12.92",
"2250","IKKA-KY","255,119","163","24,567,952","96.30","96.30","96.30","96.30","+","8.70","96.30","1,215","--","0","18.92",
"2301","光寶科","6,512,909","3,062","373,574,824","58.00","58.10","56.80","57.00","-","0.90","57.00","9","57.10","11","11.11",
"2302","麗正","3,178,461","1,494","52,241,643","17.10","17.20","15.70","15.75","-","1.35","15.75","3","15.80","2","22.83",
"2303","聯電","136,154,082","50,874","5,306,224,745","39.15","39.90","38.05","38.05","-","1.10","38.05","2,135","38.10","74","7.29",
"2305","全友","6,110,215","2,402","90,739,375","15.05","15.45","14.30","14.45","-","0.70","14.45","9","14.50","35","144.50",
"2308","台達電","8,277,123","7,394","1,838,063,834","220.50","227.00","219.00","221.50"," ","0.00","221.50","56","222.00","15","21.89",
"2312","金寶","26,613,109","7,530","321,740,089","13.00","13.00","11.75","11.90","-","1.15","11.90","734","11.95","161","66.11",
"2313","華通","15,745,279","9,463","661,791,831","43.40","43.55","40.90","41.00","-","2.40","41.00","78","41.05","17","8.02",
"2314","台揚","4,147,145","2,825","216,074,030","54.90","55.00","49.70","49.75","-","5.45","49.75","41","49.80","1","0.00",
"2316","楠梓電","407,146","247","11,633,104","29.00","29.00","28.30","28.35","-","0.50","28.35","2","28.40","7","8.72",
"2317","鴻海","62,933,602","32,534","6,734,849,961","108.50","109.00","105.50","106.00","-","3.00","106.00","610","106.50","1,689","10.45",
"2321","東訊","13,000","7","70,750","5.50","5.50","5.35","5.35","-","0.21","5.36","3","5.50","2","76.43",
"2323","中環","6,865,721","2,094","51,231,266","7.67","7.72","7.29","7.30","-","0.35","7.29","24","7.30","111","38.42",
"2324","仁寶","23,450,332","6,866","524,973,134","22.55","22.55","22.25","22.40","-","0.35","22.35","36","22.40","31","8.03",
"2327","國巨","7,466,739","8,098","2,181,532,553","307.50","307.50","282.00","282.00","-","26.00","282.00","68","282.50","24","6.30",
"2328","廣宇","4,249,842","2,630","151,637,921","37.30","37.50","34.55","34.65","-","2.55","34.60","71","34.65","29","17.68",
"2329","華泰","3,626,244","1,507","56,787,791","16.30","16.40","15.30","15.30","-","0.75","15.30","68","15.35","63","6.71",
"2330","台積電","66,417,018","172,261","30,620,312,506","471.50","474.00","452.50","453.50","-","22.50","453.50","344","454.00","205","17.83",
"2331","精英","3,235,445","1,198","66,872,553","21.25","21.65","19.95","20.10","-","1.10","20.05","37","20.10","4","23.93",
"2332","友訊","4,058,846","930","57,046,511","14.45","14.50","13.75","14.40","-","0.10","14.40","106","14.45","21","0.00",
"2337","旺宏","16,899,538","9,788","567,121,503","35.10","35.10","32.45","32.50","-","3.00","32.45","162","32.50","27","4.31",
"2338","光罩","7,388,943","5,701","511,242,602","72.80","72.90","66.10","67.00","-","5.90","67.00","32","67.10","4","23.76",
"2340","台亞","12,647,177","7,358","523,743,653","42.30","43.50","39.85","39.90","-","2.80","39.90","4","39.95","172","24.33",
"2342","茂矽","2,208,187","1,430","79,875,206","38.15","38.45","34.40","34.70","-","3.40","34.70","19","34.75","11","16.22",
"2344","華邦電","57,741,993","18,645","1,200,446,350","21.40","21.90","19.90","20.05","-","1.65","20.05","90","20.10","5","4.82",
"2345","智邦","4,423,118","10,582","974,305,090","234.00","235.50","215.00","215.00","-","23.50","--","0","215.00","395","24.63",
"2347","聯強","5,144,729","3,342","269,315,499","53.20","53.20","51.80","51.90","-","1.30","51.80","65","51.90","59","5.01",
"2348","海悅","198,376","211","17,635,775","89.10","89.80","88.20","88.20","-","1.90","88.20","2","88.30","5","8.00",
"2348A","海悅甲特","10,892","15","398,677","36.90","36.90","35.60","35.60","-","1.35","36.45","2","37.00","1","0.00",
"2349","錸德","2,015,031","760","15,001,811","7.67","7.74","7.25","7.25","-","0.40","7.25","7","7.30","7","0.00",
"2351","順德","4,040,335","3,127","492,074,444","128.50","129.50","117.50","117.50","-","13.00","--","0","117.50","511","23.31",
"2352","佳世達","5,070,648","2,031","144,545,706","28.70","28.95","28.20","28.30","-","0.35","28.25","18","28.30","23","8.27",
"2353","宏碁","22,252,780","7,948","473,281,791","21.70","21.80","20.90","20.95","-","0.75","20.95","286","21.00","210","6.05",
"2354","鴻準","8,360,652","5,634","400,954,982","49.50","49.55","47.00","47.00","-","2.30","47.00","98","47.05","5","15.31",
"2355","敬鵬","2,277,521","1,164","64,254,704","29.75","29.75","27.55","27.60","-","1.65","27.55","20","27.60","6","27.88",
"2356","英業達","8,460,741","3,014","209,798,108","25.10","25.30","24.60","24.75","-","0.40","24.70","242","24.75","41","12.89",
"2357","華碩","3,977,428","3,825","1,234,675,851","311.00","315.00","308.00","309.50","-","1.00","309.00","99","309.50","23","5.09",
"2358","廷鑫","959,073","503","15,039,964","16.15","16.30","15.25","15.70","-","0.30","15.55","1","15.70","10","10.83",
"2359","所羅門","9,633,481","4,623","243,453,381","25.70","26.15","23.90","23.90","-","1.45","23.90","2","24.00","12","16.48",
"2360","致茂","1,191,837","1,134","174,197,468","152.00","152.00","140.50","142.00","-","11.00","142.00","2","143.00","10","21.45",
"2362","藍天","725,237","435","22,260,445","31.25","31.25","30.20","30.40","-","0.85","30.40","10","30.50","2","8.59",
"2363","矽統","3,913,857","2,046","73,422,988","19.20","19.50","18.30","18.30","-","0.90","18.30","10","18.35","65","57.19",
"2364","倫飛","3,868,773","2,634","138,565,080","34.50","37.00","34.50","35.55","+","1.85","35.55","10","35.65","1","23.08",
"2365","昆盈","481,203","255","4,814,662","10.20","10.20","9.89","9.89","-","0.51","9.89","2","9.90","1","247.25",
"2367","燿華","4,211,733","1,834","67,338,035","16.40","16.70","15.55","15.55","-","1.20","15.55","35","15.60","63","0.00",
"2368","金像電","34,844,051","19,465","2,494,659,239","75.80","76.20","68.50","68.50","-","7.60","--","0","68.50","745","11.79",
"2369","菱生","2,862,990","1,486","45,507,207","16.30","16.55","15.35","15.40","-","1.05","15.35","17","15.40","48","6.36",
"2371","大同","22,557,559","5,269","742,847,126","33.90","34.05","32.40","32.45","-","1.45","32.40","74","32.45","30","16.81",
"2373","震旦行","36,003","55","3,183,462","87.30","89.80","87.30","88.00","+","0.70","88.00","4","88.20","1","14.47",
"2374","佳能","2,825,116","1,629","60,249,397","22.35","22.35","20.70","20.70","-","1.60","20.65","11","20.70","80","7.61",
"2375","凱美","1,248,815","884","60,104,011","49.65","50.20","46.15","46.15","-","3.80","46.15","19","46.40","22","5.30",
"2376","技嘉","21,263,804","13,911","1,772,479,757","87.50","88.00","80.10","81.50","-","7.20","81.40","16","81.50","1","3.79",
"2377","微星","8,216,295","5,938","876,644,305","111.00","112.00","103.50","105.00","-","8.50","105.00","1","105.50","68","5.06",
"2379","瑞昱","2,330,471","2,549","823,798,597","364.00","364.50","346.00","347.00","-","16.00","346.50","35","347.50","2","9.37",
"2380","虹光","376,128","330","3,496,350","9.50","9.60","9.06","9.06","-","0.44","9.05","4","9.06","1","0.00",
"2382","廣達","6,833,476","4,302","544,164,506","79.20","80.40","79.10","79.30","-","0.50","79.20","3","79.30","90","9.18",
"2383","台光電","1,701,461","1,417","301,790,564","180.00","183.50","173.00","173.50","-","5.00","173.50","5","174.00","12","9.87",
"2385","群光","1,918,960","1,306","142,363,805","74.00","74.90","73.60","74.10"," ","0.00","74.10","434","74.20","29","8.34",
"2387","精元","904,615","442","30,674,256","33.80","34.30","33.60","33.90","-","0.15","33.80","2","33.90","7","5.99",
"2388","威盛","20,501,293","12,353","1,013,358,616","49.10","51.70","47.50","47.85","+","0.10","47.85","2","47.90","22","10.95",
"2390","云辰","1,572,910","804","26,888,750","17.40","17.45","16.75","16.80","-","0.35","16.80","1","16.85","14","0.00",
"2392","正崴","733,558","623","23,864,494","33.05","33.05","32.05","32.05","-","1.00","32.05","20","32.10","12","17.05",
"2393","億光","2,760,840","1,659","109,982,786","41.00","41.00","39.20","39.25","-","2.00","39.20","56","39.25","41","8.94",
"2395","研華","975,246","846","339,671,109","342.50","353.50","342.00","346.50","+","0.50","346.00","1","346.50","25","30.18",
"2397","友通","23,686","28","1,410,565","59.60","59.60","59.30","59.30","-","0.30","59.30","5","59.70","1","10.72",
"2399","映泰","1,902,070","768","26,843,431","14.80","14.80","13.50","13.50","-","1.30","13.50","65","13.55","34","7.26",
"2401","凌陽","8,837,456","5,620","259,042,108","30.55","30.55","28.50","28.55","-","2.30","28.55","24","28.60","23","12.58",
"2402","毅嘉","923,570","775","13,145,031","14.65","14.65","13.90","13.90","-","0.75","13.90","18","13.95","2","17.16",
"2404","漢唐","815,811","1,074","116,361,513","147.50","147.50","140.50","142.00","-","5.50","142.00","33","142.50","6","10.44",
"2405","浩鑫","2,873,843","1,042","34,772,289","12.45","12.55","11.85","11.85","-","0.55","11.85","16","11.90","51","20.43",
"2406","國碩","4,817,687","2,600","103,185,222","21.90","22.35","20.55","20.65","-","1.10","20.60","159","20.65","16","0.00",
"2408","南亞科","23,372,598","9,644","1,136,609,383","49.30","49.55","48.15","48.30","-","1.10","48.25","41","48.35","280","5.60",
"2409","友達","81,127,646","20,576","1,263,441,307","16.30","16.40","15.05","15.05","-","1.25","15.05","1,089","15.10","24","2.64",
"2412","中華電","20,105,503","10,486","2,477,834,660","122.00","125.00","120.00","124.00","+","2.00","123.50","325","124.00","689","26.72",
"2413","環科","280,304","158","5,293,484","19.20","19.35","18.15","18.90","-","0.55","18.60","4","18.90","1","37.80",
"2414","精技","213,056","199","6,626,354","31.60","31.80","30.80","30.85","-","0.75","30.85","4","30.90","1","9.29",
"2415","錩新","376,691","291","11,143,766","31.15","31.15","28.50","28.50","-","2.65","28.45","3","28.50","3","10.29",
"2417","圓剛","839,224","658","17,128,741","21.35","21.50","19.60","19.70","-","1.75","19.65","33","19.75","14","0.00",
"2419","仲琦","734,845","398","13,068,717","18.10","18.35","17.25","17.25","-","0.90","17.20","7","17.35","5","38.33",
"2420","新巨","236,158","235","9,599,396","41.00","41.00","40.30","40.30","-","0.75","40.30","18","40.40","4","9.90",
"2421","建準","1,402,953","1,005","45,619,444","33.30","33.60","31.80","31.95","-","1.35","31.90","4","31.95","3","16.38",
"2423","固緯","216,579","167","5,323,640","24.90","25.00","24.40","24.50","-","0.45","24.50","1","24.60","1","11.24",
"2424","隴華","2,003","4","42,817","21.45","21.45","21.30","21.30","-","0.40","20.05","3","21.25","1","0.00",
"2425","承啟","798,206","365","22,752,924","28.00","29.10","27.80","28.35","X","0.00","28.35","11","28.40","16","19.29",
"2426","鼎元","1,590,158","911","28,983,330","19.20","19.25","17.50","17.50","-","1.70","17.45","27","17.50","6","7.68",
"2427","三商電","963,285","413","12,143,382","12.85","12.85","12.25","12.40","-","0.30","12.35","11","12.40","18","12.40",
"2428","興勤","699,212","502","86,545,207","125.00","127.00","121.00","121.00","-","3.50","120.50","21","121.00","11","9.89",
"2429","銘旺科","25,195","22","355,719","14.60","14.80","13.90","13.90","-","0.30","13.85","1","14.35","1","0.00",
"2430","燦坤","290,580","215","8,948,459","30.40","31.25","30.10","30.10","-","0.90","30.05","5","30.10","1","7.62",
"2431","聯昌","257,021","135","2,627,042","10.35","10.50","9.81","10.50","+","0.15","10.00","30","10.50","22","0.00",
"2433","互盛電","56,387","62","2,876,974","51.00","51.50","50.80","50.90","-","0.40","50.80","8","51.00","2","13.32",
"2434","統懋","4,010","6","125,103","31.40","31.40","31.10","31.10","+","0.70","30.55","2","30.80","1","0.00",
"2436","偉詮電","4,751,395","2,853","249,294,706","55.00","55.70","50.10","50.30","-","4.70","50.30","77","50.40","3","12.77",
"2438","翔耀","60,239","33","795,928","13.30","13.55","13.00","13.00","-","0.15","13.00","3","13.05","5","0.00",
"2439","美律","872,799","773","64,561,797","76.90","76.90","72.10","72.10","-","4.80","72.10","8","72.30","1","12.81",
"2440","太空梭","218,414","132","2,560,414","11.90","12.30","11.00","11.40","-","0.65","11.35","2","11.40","2","19.66",
"2441","超豐","1,714,030","966","107,380,950","62.00","63.30","61.60","62.30","-","0.10","62.30","3","62.50","2","7.32",
"2442","新美齊","1,291,823","604","14,953,285","11.95","11.95","11.30","11.30","-","0.70","11.30","17","11.40","35","5.79",
"2443","昶虹","32,505","27","120,849","3.60","3.78","3.60","3.65","+","0.05","3.55","1","3.65","3","0.00",
"2444","兆勁","797,186","337","9,547,521","12.40","12.45","11.70","11.80","-","0.60","11.80","65","11.85","3","17.10",
"2449","京元電子","8,618,525","4,930","340,297,015","40.05","41.00","38.70","39.85","-","0.15","39.80","6","39.85","27","8.34",
"2450","神腦","292,050","233","9,049,906","31.10","31.45","30.60","30.95","-","0.15","30.90","2","31.05","1","12.79",
"2451","創見","1,612,947","1,168","111,206,152","69.10","69.60","68.50","68.50","-","0.60","68.50","36","68.60","11","10.67",
"2453","凌群","663,391","303","16,591,463","25.80","25.80","24.80","24.90","-","0.80","24.85","10","24.90","4","10.29",
"2454","聯發科","10,444,271","29,811","6,562,692,799","652.00","655.00","610.00","612.00","-","39.00","612.00","50","613.00","15","8.18",
"2455","全新","4,164,760","2,736","289,831,321","72.90","72.90","67.00","67.10","-","4.90","67.00","18","67.10","31","14.65",
"2457","飛宏","8,379,414","4,432","275,771,558","34.00","34.30","31.60","31.70","-","2.30","31.65","34","31.70","197","0.00",
"2458","義隆","1,543,473","1,465","209,065,314","140.00","140.50","133.50","134.00","-","5.50","134.00","35","134.50","5","7.94",
"2459","敦吉","136,522","112","6,762,894","49.90","50.40","48.65","48.75","-","1.00","48.75","1","49.20","6","9.85",
"2460","建通","244,465","209","4,622,305","19.55","19.85","17.95","18.50","-","0.80","18.00","2","18.50","3","15.95",
"2461","光群雷","875,014","334","15,868,646","18.60","18.65","17.85","17.85","-","0.85","17.85","1","18.00","10","8.46",
"2462","良得電","459,628","452","11,349,559","25.75","25.75","24.10","24.15","-","1.45","24.10","22","24.15","12","16.89",
"2464","盟立","875,751","551","34,009,149","39.15","39.45","38.30","38.35","-","0.80","38.30","16","38.35","4","13.50",
"2465","麗臺","1,303,585","910","43,815,707","34.10","35.20","32.20","32.35","-","2.30","32.35","4","32.40","2","4.41",
"2466","冠西電","69,033","52","2,432,000","35.30","35.35","35.00","35.00","-","0.35","35.00","2","35.10","3","63.64",
"2467","志聖","370,804","215","15,928,894","43.60","43.60","42.55","42.80","-","0.70","42.80","19","42.95","7","9.77",
"2468","華經","48,300","37","612,545","12.90","12.90","12.50","12.50","-","0.35","12.50","4","12.55","2","18.38",
"2471","資通","95,082","103","2,584,402","27.35","27.45","26.85","26.90","-","0.55","26.90","1","27.00","3","10.43",
"2472","立隆電","1,101,647","582","56,880,106","53.50","53.60","50.30","50.30","-","3.70","50.30","10","50.40","17","7.76",
"2474","可成","1,715,981","2,892","281,119,630","165.50","167.00","162.00","162.00","-","3.50","162.00","49","162.50","9","14.56",
"2476","鉅祥","2,210,206","1,339","93,925,606","44.00","45.00","40.85","40.95","-","3.25","40.90","25","40.95","28","10.61",
"2477","美隆電","581,300","345","12,684,022","23.10","23.10","20.85","21.05","-","2.10","21.00","11","21.05","1","23.65",
"2478","大毅","573,786","463","23,567,445","42.00","42.70","40.00","40.00","-","2.70","40.00","12","40.15","18","6.29",
"2480","敦陽科","302,951","418","25,796,892","86.10","86.10","84.20","85.10","-","1.00","85.00","3","85.20","1","13.38",
"2481","強茂","8,493,546","5,453","514,895,823","62.90","64.20","57.90","57.90","-","5.10","57.90","113","58.00","5","9.85",
"2482","連宇","35,094,463","15,477","899,993,326","26.30","26.70","24.65","25.90","-","0.20","25.85","13","25.90","58","17.50",
"2483","百容","3,104,981","1,725","83,551,052","26.55","27.40","26.50","26.80","+","0.45","26.75","2","26.80","28","14.73",
"2484","希華","3,493,322","1,860","117,508,293","35.30","35.35","32.30","32.80","-","2.25","32.70","7","32.80","46","10.61",
"2485","兆赫","1,737,826","601","28,510,025","16.65","16.85","16.00","16.00","-","0.70","16.00","48","16.10","3","0.00",
"2486","一詮","4,438,677","2,110","118,302,753","28.00","28.55","25.20","25.30","-","2.70","25.30","49","25.35","71","17.33",
"2488","漢平","101,245","81","2,708,688","27.15","27.15","26.25","26.25","-","0.90","26.25","4","26.35","1","14.19",
"2489","瑞軒","3,011,023","1,497","36,709,810","12.55","12.65","11.90","11.95","-","0.70","11.90","29","11.95","55","0.00",
"2491","吉祥全","373,392","180","4,845,658","14.45","14.45","12.45","12.45","-","1.35","--","0","12.70","3","0.00",
"2492","華新科","5,441,292","5,813","465,342,278","90.30","90.40","82.70","82.70","-","7.00","82.60","24","82.70","54","5.87",
"2493","揚博","303,369","264","12,170,537","41.15","41.15","39.80","39.85","-","1.30","39.85","4","39.90","1","11.32",
"2495","普安","540,093","304","7,759,184","14.95","14.95","14.15","14.20","-","0.50","14.15","8","14.20","4","24.07",
"2496","卓越","46,000","35","2,083,000","45.65","45.80","45.20","45.20","-","1.10","45.05","1","45.25","1","14.77",
"2497","怡利電","5,694,382","3,439","397,356,363","73.50","73.80","66.60","66.60","X","0.00","--","0","66.60","4","51.63",
"2498","宏達電","128,613,756","62,965","6,497,657,003","50.40","52.80","48.60","50.20","+","1.30","50.10","189","50.20","143","0.00",
"2501","國建","354,695","250","6,116,145","17.35","17.40","17.15","17.15","-","0.20","17.15","3","17.25","17","31.18",
"2504","國產","3,335,074","1,500","74,408,407","22.90","22.90","22.05","22.15","-","0.65","22.15","17","22.20","36","5.92",
"2505","國揚","545,971","410","9,932,245","18.75","19.20","17.75","17.75","-","1.10","17.70","31","17.90","3","7.68",
"2506","太設","127,331","88","1,173,493","9.27","9.38","9.14","9.14","-","0.13","9.14","1","9.22","2","0.00",
"2509","全坤建","381,213","775","5,516,746","14.85","14.85","14.15","14.40","-","0.55","14.40","6","14.55","6","0.00",
"2511","太子","876,498","357","10,406,627","11.95","12.05","11.75","11.80","-","0.10","11.75","20","11.80","94","16.86",
"2514","龍邦","120,148","108","2,070,939","17.55","17.55","17.00","17.15","-","0.20","17.10","5","17.20","4","11.14",
"2515","中工","5,050,836","1,692","43,084,683","8.61","8.69","8.41","8.46","-","0.20","8.45","174","8.46","47","4.29",
"2516","新建","353,232","131","1,775,345","5.15","5.15","4.95","4.97","-","0.18","4.96","4","4.97","3","13.81",
"2520","冠德","1,592,248","1,158","50,692,344","32.60","32.60","31.20","31.45","-","1.15","31.40","6","31.45","8","4.49",
"2524","京城","2,016,081","154","65,298,960","33.20","33.20","31.50","31.60","-","1.05","31.50","1","31.60","2","7.58",
"2527","宏璟","781,996","425","18,169,290","23.95","23.95","23.00","23.05","-","0.90","23.05","2","23.10","6","4.10",
"2528","皇普","41,000","26","794,050","19.50","19.50","19.20","19.20","-","0.25","19.20","19","19.40","6","13.81",
"2530","華建","546,733","152","7,930,694","14.60","14.60","14.40","14.50","-","0.10","14.45","5","14.50","17","0.00",
"2534","宏盛","1,325,265","750","33,830,537","25.65","25.70","25.35","25.65"," ","0.00","25.60","17","25.65","52","11.40",
"2535","達欣工","544,680","512","15,735,576","29.20","29.30","28.75","28.80","-","0.45","28.80","2","28.85","2","7.29",
"2536","宏普","378,395","157","7,981,619","21.20","21.30","21.00","21.00","-","0.20","21.00","6","21.05","6","131.25",
"2537","聯上發","1,683,341","669","15,003,836","9.08","9.08","8.83","8.84","-","0.19","8.83","20","8.84","16","4.94",
"2538","基泰","7,801,824","2,126","103,051,116","13.30","13.70","12.75","12.75","+","0.10","12.75","53","12.80","60","0.00",
"2539","櫻花建","225,648","148","7,381,349","32.80","32.95","32.55","32.60","-","0.10","32.60","17","32.75","50","28.10",
"2540","愛山林","74,574","100","8,953,285","123.50","123.50","117.00","117.00","-","6.00","116.00","12","117.00","2","20.60",
"2542","興富發","7,673,481","5,112","341,112,155","45.10","45.20","43.85","43.95","-","1.25","43.95","63","44.00","27","10.17",
"2543","皇昌","219,162","106","1,845,014","8.61","8.61","8.20","8.40","-","0.20","8.31","2","8.40","27","5.25",
"2545","皇翔","739,013","550","30,342,793","41.80","42.85","40.45","40.50","-","1.30","40.50","4","40.55","14","4.09",
"2546","根基","140,405","151","7,032,016","50.00","50.30","49.90","49.90","-","0.80","49.85","2","49.90","29","6.88",
"2547","日勝生","716,364","300","6,689,024","9.35","9.40","9.24","9.25","-","0.08","9.25","10","9.26","6","154.17",
"2548","華固","762,179","845","66,619,753","88.50","88.60","86.90","87.10","-","1.70","87.00","26","87.10","4","7.06",
"2597","潤弘","240,033","276","24,065,120","101.50","102.00","99.20","100.00","-","3.00","100.00","1","101.00","6","10.46",
"2601","益航","8,375,180","2,256","77,633,476","9.56","9.58","9.05","9.05","-","0.47","9.05","6","9.06","2","29.19",
"2603","長榮","186,782,562","92,701","15,517,704,867","85.40","86.70","79.70","79.80","-","4.80","79.80","312","79.90","148","1.39",
"2605","新興","5,247,155","2,559","104,471,367","20.50","20.70","19.20","19.20","-","1.20","19.20","63","19.25","6","17.61",
"2606","裕民","8,094,809","4,982","324,303,702","41.25","41.80","38.80","38.90","-","2.15","38.90","155","38.95","5","6.10",
"2607","榮運","7,033,623","3,252","196,567,921","28.70","28.85","27.00","27.00","-","1.60","27.00","74","27.05","2","18.49",
"2608","嘉里大榮","1,043,728","705","40,769,536","40.40","40.40","38.60","38.85","-","1.25","38.85","165","39.00","20","13.17",
"2609","陽明","93,608,642","59,840","7,533,126,646","82.80","83.80","77.80","77.80","-","4.50","77.70","1,326","77.80","191","1.35",
"2610","華航","83,704,325","30,439","1,889,475,596","23.65","23.70","22.00","22.00","-","1.50","22.00","4,842","22.05","90","9.78",
"2611","志信","1,585,467","918","28,067,355","18.35","18.60","17.05","17.10","-","1.20","17.05","24","17.10","7","11.88",
"2612","中航","746,332","645","30,557,595","42.20","42.50","40.00","40.00","-","2.00","40.00","58","40.10","4","7.86",
"2613","中櫃","1,247,939","726","33,533,374","27.85","28.10","25.85","26.00","-","1.65","26.00","1","26.10","3","14.36",
"2614","東森","4,073,132","2,320","86,827,308","21.75","22.05","20.75","20.80","-","0.95","20.75","70","20.80","42","14.05",
"2615","萬海","34,393,137","17,161","3,996,354,087","119.00","121.50","111.00","111.00","-","8.00","111.00","190","111.50","71","2.10",
"2616","山隆","136,895","216","4,561,796","33.80","33.80","33.25","33.25","-","0.30","33.25","52","33.35","7","12.05",
"2617","台航","2,877,399","1,658","80,276,713","29.00","29.20","27.05","27.05","-","1.75","27.05","10","27.10","77","8.00",
"2618","長榮航","155,571,173","50,239","4,752,002,114","31.65","31.65","29.70","29.75","-","1.90","29.75","190","29.80","183","12.93",
"2630","亞航","81,355","73","1,377,426","16.90","17.10","16.80","16.80","-","0.10","16.80","14","16.90","4","64.62",
"2633","台灣高鐵","2,847,713","1,762","78,940,290","28.10","28.10","27.50","27.55","-","0.50","27.55","52","27.60","64","55.10",
"2634","漢翔","35,714,319","16,043","1,192,270,201","32.75","34.30","32.45","32.55","+","0.20","32.55","112","32.70","6","29.86",
"2636","台驊投控","3,953,577","3,043","331,611,738","87.00","87.50","80.70","80.80","-","5.40","80.80","22","80.90","58","2.57",
"2637","慧洋-KY","16,411,979","9,822","1,045,011,531","65.70","66.40","61.40","61.80","-","3.20","61.70","36","61.80","57","4.60",
"2642","宅配通","832,904","692","42,012,022","52.00","52.50","49.00","49.10","-","2.90","49.10","4","49.15","7","21.73",
"2701","萬企","71,301","68","845,897","11.90","11.95","11.80","11.80","-","0.10","11.80","10","11.90","1","51.30",
"2702","華園","610,412","455","16,031,561","27.35","27.40","25.75","25.80","-","1.40","25.75","12","25.80","2","1.52",
"2704","國賓","329,714","214","10,467,887","32.15","32.35","31.35","31.50","-","0.95","31.35","19","31.50","1","0.00",
"2705","六福","698,439","463","11,577,126","17.30","17.30","16.20","16.25","-","0.90","16.20","12","16.25","7","0.00",
"2706","第一店","293,616","219","4,086,703","14.00","14.10","13.80","13.80","-","0.20","13.75","21","13.80","5","60.00",
"2707","晶華","519,458","500","85,052,188","166.00","167.50","161.50","161.50","-","4.50","161.50","12","162.50","3","9.52",
"2712","遠雄來","15,000","11","533,250","36.25","36.25","35.30","36.10","-","0.20","35.80","1","36.15","1","0.00",
"2722","夏都","96,640","83","3,087,034","33.25","33.25","31.20","31.55","-","1.65","31.55","2","31.60","7","137.17",
"2723","美食-KY","2,138,677","1,573","229,880,875","109.00","110.00","105.00","108.50","-","2.00","108.00","31","108.50","61","18.08",
"2727","王品","642,199","1,048","75,070,811","122.00","123.00","113.50","115.00","-","8.00","115.00","2","115.50","1","0.00",
"2731","雄獅","1,255,047","1,088","115,909,861","95.20","95.30","90.10","90.80","-","3.90","90.70","5","90.80","11","0.00",
"2739","寒舍","72,011","52","1,623,797","22.75","22.95","22.20","22.20","-","0.75","22.20","2","22.30","4","0.00",
"2748","雲品","242,160","574","10,262,390","43.85","43.85","41.65","41.75","-","1.85","41.60","3","41.75","1","347.92",
"2753","八方雲集","592,562","620","96,865,682","165.00","169.00","159.50","159.50","-","3.50","159.00","12","159.50","8","18.92",
"2801","彰銀","8,202,851","1,957","142,398,930","17.45","17.55","17.20","17.30","-","0.05","17.30","35","17.35","640","19.66",
"2809","京城銀","1,158,924","1,136","40,188,731","35.35","35.35","34.35","34.35","-","1.05","34.35","24","34.50","8","11.89",
"2812","台中銀","6,091,484","2,159","82,771,973","13.55","13.75","13.50","13.55"," ","0.00","13.55","63","13.60","178","12.43",
"2816","旺旺保","38,790","40","668,839","17.55","17.60","17.10","17.20","-","0.10","17.15","2","17.20","8","9.10",
"2820","華票","1,588,676","732","26,581,202","16.80","16.80","16.65","16.70","-","0.05","16.70","50","16.75","129","12.75",
"2832","台產","263,554","187","5,078,704","19.30","19.40","19.20","19.30","-","0.10","19.25","4","19.30","7","14.96",
"2834","臺企銀","46,421,734","10,385","526,803,407","11.55","11.60","11.20","11.30","-","0.25","11.25","164","11.30","284","14.30",
"2836","高雄銀","723,318","393","9,790,869","13.65","13.70","13.40","13.55","-","0.05","13.55","10","13.60","34","16.94",
"2836A","高雄銀甲特","7,002","5","161,846","23.10","23.20","23.10","23.20","+","0.05","23.05","9","23.20","5","0.00",
"2838","聯邦銀","2,654,979","1,070","40,730,025","15.20","15.55","15.20","15.35","+","0.05","15.35","41","15.40","61","13.12",
"2838A","聯邦銀甲特","231,425","127","11,874,946","51.50","51.50","51.20","51.40","-","0.10","51.30","10","51.40","3","0.00",
"2845","遠東銀","6,175,629","1,579","69,325,785","11.30","11.35","11.15","11.20","-","0.05","11.15","300","11.20","120","14.00",
"2849","安泰銀","186,524","96","2,896,486","15.55","15.65","15.40","15.40","-","0.20","15.40","1","15.50","2","12.32",
"2850","新產","429,365","386","22,010,136","51.90","51.90","50.60","51.00","-","0.90","51.00","4","51.10","29","6.86",
"2851","中再保","608,629","405","15,534,473","25.75","25.80","25.35","25.45","-","0.30","25.40","10","25.45","5","7.83",
"2852","第一保","188,526","103","2,938,303","15.65","15.75","15.50","15.55","-","0.10","15.55","1","15.60","5","7.81",
"2855","統一證","1,378,675","838","25,388,960","18.70","18.70","18.25","18.25","-","0.45","18.25","46","18.30","16","10.67",
"2867","三商壽","4,054,842","1,359","28,604,695","7.11","7.18","6.99","7.00","-","0.14","6.99","68","7.00","96","0.00",
"2880","華南金","9,919,880","3,873","222,673,471","22.60","22.80","22.25","22.40","-","0.20","22.35","33","22.40","203","17.50",
"2881","富邦金","32,485,695","18,344","1,907,547,001","59.80","60.10","58.00","58.30","-","1.50","58.30","82","58.40","17","5.56",
"2881A","富邦特","185,305","46","11,674,483","62.90","63.10","62.90","63.10","+","0.10","62.90","17","63.10","62","0.00",
"2881B","富邦金乙特","73,538","28","4,548,932","61.80","61.90","61.80","61.90","-","0.20","61.80","17","61.90","29","0.00",
"2881C","富邦金丙特","129,633","99","7,678,497","59.30","59.30","59.20","59.20","-","0.10","59.20","22","59.30","41","0.00",
"2882","國泰金","54,081,274","16,847","2,710,916,007","51.00","51.20","49.70","49.70","-","1.20","49.70","22","49.75","56","6.28",
"2882A","國泰特","65,949","60","4,116,943","62.50","62.50","62.30","62.50"," ","0.00","62.40","8","62.50","20","0.00",
"2882B","國泰金乙特","41,259","39","2,577,546","62.60","62.60","62.40","62.60"," ","0.00","62.40","1","62.60","8","0.00",
"2883","開發金","88,654,691","20,942","1,278,505,086","14.70","14.70","14.25","14.30","-","0.40","14.30","814","14.35","4,621","7.57",
"2883B","開發金乙特","2,930,430","549","24,210,306","8.31","8.31","8.24","8.25","-","0.11","8.25","56","8.27","23","0.00",
"2884","玉山金","33,980,076","11,745","987,391,717","28.95","29.30","28.80","29.10","+","0.10","29.10","153","29.15","100","19.80",
"2885","元大金","27,056,551","9,792","533,061,615","19.65","19.95","19.55","19.60","-","0.10","19.55","1,126","19.60","15","7.51",
"2886","兆豐金","17,087,004","7,665","603,657,854","35.30","35.55","35.10","35.25","-","0.05","35.25","175","35.30","221","18.75",
"2887","台新金","23,329,674","9,456","375,962,118","16.25","16.35","16.00","16.00","-","0.30","16.00","5,466","16.05","45","10.88",
"2887E","台新戊特","178,693","61","9,569,289","53.70","53.70","53.50","53.50","-","0.20","53.40","3","53.60","17","0.00",
"2887F","台新戊特二","19,000","5","978,500","51.50","51.50","51.50","51.50","-","0.10","51.40","6","51.50","7","0.00",
"2888","新光金","73,142,306","15,541","630,021,360","8.75","8.78","8.48","8.50","-","0.26","8.50","78","8.51","325","7.39",
"2888A","新光金甲特","35,257","28","1,417,415","40.20","40.25","40.15","40.20","-","0.50","40.20","1","40.40","10","0.00",
"2888B","新光金乙特","114,844","72","4,621,378","40.40","40.40","40.15","40.25","-","0.40","40.20","14","40.25","2","0.00",
"2889","國票金","6,170,173","3,752","87,460,532","14.50","14.50","14.00","14.05","-","0.50","14.00","1,039","14.05","42","14.34",
"2890","永豐金","22,029,923","5,068","366,426,886","16.80","16.85","16.45","16.65","-","0.15","16.60","268","16.65","1,097","11.56",
"2891","中信金","72,094,173","17,328","1,774,532,439","25.00","25.10","24.30","24.60","-","0.50","24.60","576","24.65","45","9.68",
"2891B","中信金乙特","16,347","14","1,034,828","63.20","63.40","63.20","63.40"," ","0.00","62.70","3","63.40","11","0.00",
"2891C","中信金丙特","7,108","9","436,198","61.10","61.50","61.10","61.50","-","0.10","61.10","4","61.50","18","0.00",
"2892","第一金","23,579,918","11,007","609,491,156","26.15","26.20","25.65","25.80","-","0.40","25.80","32","25.85","598","16.97",
"2897","王道銀行","4,521,411","1,344","38,629,867","8.70","8.70","8.45","8.46","-","0.24","8.46","171","8.47","88","13.02",
"2897A","王道銀甲特","44,198","18","457,509","10.35","10.40","10.35","10.35","-","0.05","10.30","196","10.35","30","0.00",
"2901","欣欣","24,861","100","586,059","23.75","23.75","23.40","23.45","-","0.30","23.40","1","23.50","1","293.12",
"2903","遠百","658,651","354","13,279,452","20.00","20.45","19.95","20.00"," ","0.00","20.00","36","20.15","3","27.03",
"2904","匯僑","31,985","58","697,685","22.05","22.05","21.70","21.80","-","0.35","21.75","2","21.85","1","25.06",
"2905","三商","440,114","248","8,604,556","19.55","19.80","19.30","19.45","-","0.10","19.40","10","19.45","6","0.00",
"2906","高林","3,131,754","1,644","57,987,199","19.10","19.45","17.70","17.85","-","0.90","17.80","35","17.85","18","31.88",
"2908","特力","90,503","74","1,957,230","21.60","21.75","21.50","21.65"," ","0.00","21.55","2","21.65","1","14.06",
"2910","統領","15,000","14","466,550","31.40","31.40","30.80","31.35","-","0.05","31.05","1","31.40","1","48.98",
"2911","麗嬰房","140,601","184","959,020","6.83","6.90","6.74","6.74","-","0.09","6.73","4","6.78","1","0.00",
"2912","統一超","792,882","931","216,004,852","272.50","273.50","270.00","273.00","+","0.50","272.50","20","273.00","12","34.12",
"2913","農林","1,287,102","571","24,642,664","19.35","19.55","18.95","18.95","-","0.40","18.95","4","19.05","10","0.00",
"2915","潤泰全","6,450,996","4,361","483,684,847","77.90","77.90","73.40","73.50","-","4.10","73.40","31","73.50","8","3.93",
"2923","鼎固-KY","87,216","52","2,258,228","25.65","26.15","25.65","25.90","+","0.85","25.65","5","25.90","4","24.43",
"2929","淘帝-KY","1,376,578","744","17,910,953","13.70","13.85","12.50","12.50","-","1.05","12.50","20","12.60","24","0.00",
"2939","凱羿-KY","1,547,534","1,055","53,786,937","35.80","36.30","32.20","33.10","-","2.00","33.00","3","33.10","2","0.00",
"2945","三商家購","47,992","61","2,398,699","50.10","50.30","49.85","49.85","-","0.45","49.85","5","49.95","1","19.25",
"3002","歐格","244,427","139","2,875,416","12.20","12.20","11.40","11.40","-","0.80","11.40","38","11.55","3","0.00",
"3003","健和興","1,394,867","1,059","99,092,676","73.30","73.80","69.40","69.80","-","3.50","69.60","1","69.80","10","13.00",
"3004","豐達科","143,304","123","8,619,319","60.50","61.90","59.20","59.90","-","0.60","59.60","1","59.90","1","0.00",
"3005","神基","1,313,539","1,051","52,387,258","40.35","40.35","39.60","39.75","-","0.60","39.70","38","39.75","21","5.57",
"3006","晶豪科","19,685,393","11,874","1,530,323,265","80.00","81.30","74.10","74.10","X","0.00","74.10","186","74.30","1","3.82",
"3008","大立光","884,787","2,440","1,521,645,045","1,725.00","1,750.00","1,685.00","1,690.00","-","35.00","1,690.00","15","1,695.00","10","11.95",
"3010","華立","965,411","840","78,634,760","83.80","83.80","80.20","80.20","-","4.20","80.20","24","80.30","6","6.28",
"3011","今皓","1,127,385","477","20,068,234","18.00","18.30","17.55","17.60","-","0.70","17.60","34","17.65","2","21.73",
"3013","晟銘電","476,041","251","6,328,267","13.35","13.50","13.00","13.00","-","0.35","13.00","6","13.10","2","0.00",
"3014","聯陽","1,392,923","1,344","110,116,983","79.50","80.70","77.30","77.40","-","2.30","77.30","13","77.50","25","6.79",
"3015","全漢","144,783","125","5,219,639","36.70","36.70","35.50","35.65","-","1.00","35.65","2","35.75","7","8.82",
"3016","嘉晶","3,833,272","2,667","312,801,367","83.80","85.70","78.20","78.40","-","5.40","78.40","47","78.50","79","43.08",
"3017","奇鋐","12,837,489","8,379","1,149,053,601","92.70","94.10","86.60","86.90","-","6.20","86.80","39","86.90","127","9.89",
"3018","同開","139,140","269","1,600,123","11.75","11.80","11.05","11.75","-","0.25","11.35","1","11.80","2","0.00",
"3019","亞光","2,755,544","2,862","162,442,883","61.70","62.20","56.80","56.90","-","4.80","56.80","14","56.90","29","12.56",
"3021","鴻名","74,051","58","1,453,629","20.45","20.45","19.35","19.35","-","0.55","19.35","3","19.50","5","12.02",
"3022","威強電","1,269,127","972","59,024,454","46.80","47.50","45.00","45.00","-","1.05","45.00","1","45.30","2","9.32",
"3023","信邦","600,181","816","145,868,041","254.00","254.00","236.00","236.00","-","18.00","236.00","9","237.00","1","22.78",
"3024","憶聲","593,640","252","6,999,126","12.00","12.00","11.65","11.75","-","0.25","11.70","10","11.75","23","15.46",
"3025","星通","341,952","198","5,648,192","17.70","17.70","15.90","16.05","-","1.45","16.05","5","16.10","2","16.89",
"3026","禾伸堂","496,070","570","48,267,537","100.00","100.00","96.00","96.30","-","3.20","96.30","1","96.50","1","8.01",
"3027","盛達","378,286","215","6,481,625","17.90","17.90","16.95","17.30","-","0.25","17.30","1","17.40","5","39.32",
"3028","增你強","1,351,650","1,280","43,629,791","33.10","33.10","32.00","32.05","-","1.20","32.00","155","32.05","1","7.44",
"3029","零壹","694,974","660","26,431,382","38.85","38.85","37.55","37.55","-","1.35","37.55","7","37.60","3","10.07",
"3030","德律","951,400","642","55,602,604","60.10","60.10","57.70","57.70","-","2.00","57.70","20","57.80","29","9.22",
"3031","佰鴻","390,586","228","6,255,352","16.60","17.00","15.50","15.50","-","1.15","15.50","30","15.55","2","12.70",
"3032","偉訓","151,324","104","4,132,657","27.65","27.80","26.85","27.00","-","0.80","26.95","7","27.00","10","10.27",
"3033","威健","6,159,554","3,292","164,013,918","27.40","27.45","26.15","26.20","-","1.50","26.20","69","26.25","23","5.65",
"3034","聯詠","9,613,701","13,380","2,846,062,010","300.00","307.00","288.00","288.50","-","13.50","288.00","125","288.50","35","3.98",
"3035","智原","37,359,186","33,951","6,762,734,084","189.50","193.00","172.00","172.00","-","19.00","--","0","172.00","20,377","25.83",
"3036","文曄","3,390,730","2,404","219,225,344","66.90","66.90","63.30","63.70","-","3.40","63.60","7","63.70","55","6.92",
"3036A","文曄甲特","61,173","26","2,933,039","47.95","48.00","47.90","48.00","-","0.35","47.95","1","48.00","19","0.00",
"3037","欣興","49,603,536","30,932","7,431,097,037","158.50","159.50","144.50","146.00","-","12.50","145.50","106","146.00","363","12.90",
"3038","全台","1,602,453","646","33,199,302","20.85","21.00","20.35","20.60","-","0.35","20.40","23","20.60","15","11.57",
"3040","遠見","151,277","74","4,592,142","31.05","31.05","30.00","30.10","-","1.10","30.10","5","30.45","1","17.81",
"3041","揚智","2,311,270","1,305","52,291,522","23.20","23.70","21.75","21.80","-","1.15","21.75","12","21.80","44","0.00",
"3042","晶技","3,324,986","2,524","294,839,608","91.00","91.00","87.30","87.60","-","3.10","87.50","20","87.60","5","8.60",
"3043","科風","1,005,037","259","4,488,738","4.98","4.98","4.36","4.36","-","0.48","4.36","60","4.37","1","9.28",
"3044","健鼎","1,971,728","1,323","210,001,717","110.50","111.50","104.00","104.50","-","7.00","104.50","70","105.00","5","9.32",
"3045","台灣大","6,951,662","3,038","754,682,334","108.00","109.00","107.00","109.00","+","1.00","108.50","175","109.00","374","28.24",
"3046","建碁","327,535","229","7,914,478","26.00","26.00","23.60","23.70","-","2.50","23.65","4","23.70","1","11.18",
"3047","訊舟","4,393,353","1,855","54,256,956","12.40","12.65","11.95","11.95","-","0.25","11.90","108","11.95","42","597.50",
"3048","益登","2,216,146","1,344","69,132,430","32.35","32.35","30.60","30.60","-","1.70","30.60","33","30.65","1","7.02",
"3049","和鑫","6,817,244","2,206","66,041,935","10.00","10.05","9.31","9.35","-","0.63","9.35","162","9.36","21","9.26",
"3050","鈺德","1,478,896","517","24,667,608","17.20","17.35","16.35","16.35","-","0.70","16.35","57","16.40","26","20.44",
"3051","力特","1,673,257","870","25,311,207","15.75","16.05","14.35","14.40","-","1.10","14.35","13","14.40","119","7.58",
"3052","夆典","359,960","156","3,605,861","10.15","10.15","9.95","10.00","-","0.15","10.00","13","10.05","3","17.86",
"3054","立萬利","99,056","67","2,114,072","22.10","22.10","19.85","19.85","-","1.95","19.85","1","19.90","1","104.47",
"3055","蔚華科","69,012","229","1,827,033","26.85","27.00","25.75","26.80","+","0.15","26.15","2","26.80","1","0.00",
"3056","總太","1,526,009","734","39,794,367","26.55","26.85","25.55","25.60","-","0.95","25.60","25","25.65","1","0.00",
"3057","喬鼎","100,496","151","1,195,469","11.90","12.25","11.75","11.75","-","0.15","11.70","3","11.80","2","53.41",
"3058","立德","507,660","376","5,031,564","10.00","10.05","9.80","9.80","-","0.20","9.76","1","9.80","70","0.00",
"3059","華晶科","3,672,708","2,084","122,557,659","34.05","34.95","32.20","32.35","-","2.20","32.30","56","32.35","15","27.89",
"3060","銘異","985,823","1,034","17,759,914","18.95","19.00","17.20","17.35","-","1.50","17.35","3","17.40","2","10.98",
"3062","建漢","13,475,502","6,516","360,425,281","27.30","27.60","25.80","25.85","-","1.65","25.85","31","25.90","175","0.00",
"3090","日電貿","1,622,393","1,190","79,919,748","50.40","50.40","48.60","48.60","-","1.90","48.60","7","48.70","20","9.84",
"3092","鴻碩","993,789","555","42,527,470","42.50","43.80","41.50","41.60","-","1.40","41.60","1","41.70","7","2,080.00",
"3094","聯傑","795,610","505","19,339,900","25.40","25.40","23.25","23.25","-","2.15","23.25","22","23.45","14","26.12",
"3130","一零四","26,802","288","5,153,020","193.50","193.50","191.00","191.00","-","2.50","190.50","1","192.50","2","16.28",
"3138","耀登","957,737","969","107,899,735","115.50","119.00","108.50","109.00","-","10.50","108.50","7","109.00","9","17.58",
"3149","正達","1,011,089","477","17,591,798","17.90","17.90","17.00","17.00","-","0.90","17.00","12","17.10","4","0.00",
"3164","景岳","273,081","75","6,903,198","25.80","25.80","24.60","24.95","-","0.25","24.80","1","24.95","2","20.28",
"3167","大量","542,444","365","28,713,768","56.60","56.70","51.30","51.30","-","5.70","51.30","26","51.40","12","9.13",
"3189","景碩","17,728,691","11,198","2,372,730,720","142.00","143.50","128.50","130.00","-","12.50","129.50","5","130.00","58","11.42",
"3209","全科","1,731,090","1,157","61,126,998","36.40","36.40","34.65","34.65","-","1.85","34.65","21","34.70","4","7.70",
"3229","晟鈦","8,000","6","145,500","18.30","18.40","18.10","18.40","-","0.10","18.10","4","18.50","4","0.00",
"3231","緯創","16,069,176","6,682","424,683,540","26.70","26.90","26.15","26.35","-","0.35","26.35","133","26.45","35","7.89",
"3257","虹冠電","364,301","263","18,391,119","52.60","52.60","49.30","49.30","-","3.20","49.20","5","49.30","2","10.21",
"3266","昇陽","133,046","69","1,669,579","12.55","12.65","12.50","12.55","+","0.05","12.55","22","12.60","19","13.07",
"3296","勝德","546,250","237","8,815,175","16.70","16.75","15.90","15.90","-","0.75","15.85","15","15.90","4","0.00",
"3305","昇貿","2,039,587","1,329","107,803,337","54.80","55.90","50.70","50.90","-","3.80","50.80","28","50.90","5","7.65",
"3308","聯德","72,359","57","956,009","13.90","13.90","12.75","12.90","-","1.20","12.90","6","13.00","1","0.00",
"3311","閎暉","135,053","118","4,367,813","32.70","32.70","31.65","32.70"," ","0.00","31.85","2","32.75","2","32.70",
"3312","弘憶股","1,255,112","719","26,556,706","21.90","21.90","20.50","20.60","-","1.40","20.55","11","20.60","4","5.48",
"3321","同泰","306,054","128","2,826,375","9.21","9.32","9.10","9.13","-","0.37","9.13","1","9.14","1","0.00",
"3338","泰碩","637,753","504","22,090,461","36.55","37.00","33.10","33.15","-","3.35","33.15","1","33.25","10","12.23",
"3346","麗清","460,751","311","13,309,246","29.50","29.75","28.35","28.35","-","1.15","28.35","15","28.40","4","41.09",
"3356","奇偶","882,939","602","23,744,236","27.65","27.75","26.25","26.25","-","1.40","26.20","4","26.25","20","12.87",
"3376","新日興","536,456","410","43,224,933","82.30","82.40","79.40","79.40","-","2.30","79.30","1","79.40","4","12.70",
"3380","明泰","1,453,274","841","35,891,938","25.60","25.75","23.90","23.90","-","1.70","23.90","11","23.95","2","28.45",
"3383","新世紀","80,028","37","487,538","6.32","6.32","6.05","6.05","-","0.28","6.01","5","6.10","1","0.00",
"3406","玉晶光","2,689,970","2,778","948,403,316","364.00","368.50","342.00","342.50","-","24.00","342.50","5","343.00","2","16.47",
"3413","京鼎","557,546","600","97,300,037","178.50","178.50","171.50","172.00","-","6.50","171.50","3","172.00","3","8.84",
"3416","融程電","66,699","108","4,995,909","75.70","75.70","74.60","75.00","-","0.70","74.90","2","75.00","3","14.76",
"3419","譁裕","1,130,434","571","17,245,614","15.95","16.05","14.65","14.70","-","1.25","14.70","1","14.75","18","0.00",
"3432","台端","96,088","52","1,287,404","13.50","13.65","13.20","13.20","-","0.30","13.15","7","13.25","11","12.22",
"3437","榮創","820,458","757","14,932,810","19.05","19.05","17.40","17.60","-","1.45","17.60","4","17.65","1","24.44",
"3443","創意","5,285,002","5,297","2,437,736,944","478.00","491.50","436.00","439.00","-","42.00","439.00","1","439.50","3","34.65",
"3450","聯鈞","421,235","346","16,994,245","41.50","41.50","39.35","39.35","-","1.65","39.35","3","39.40","1","16.74",
"3454","晶睿","99,280","83","7,488,918","76.90","76.90","74.40","74.70","-","1.80","74.70","1","74.80","2","27.26",
"3481","群創","118,570,591","21,916","1,402,768,847","12.10","12.35","11.45","11.60","-","0.50","11.55","386","11.60","1,085","2.56",
"3494","誠研","938,605","440","6,773,643","7.40","7.54","7.00","7.00","-","0.45","7.00","20","7.09","7","0.00",
"3501","維熹","44,498","41","1,905,227","43.65","43.65","42.15","42.60","-","0.50","42.60","1","42.80","1","13.23",
"3504","揚明光","4,401,929","3,385","309,901,582","69.00","73.20","68.40","68.40","-","0.30","68.40","15","68.50","2","96.34",
"3515","華擎","797,529","690","85,957,468","108.50","112.00","105.50","105.50","-","3.50","105.50","3","106.00","10","5.20",
"3518","柏騰","113,009","74","2,053,480","18.50","18.60","17.55","18.20","-","0.30","18.20","6","18.30","2","26.38",
"3528","安馳","24,029","25","1,149,754","47.80","48.80","47.50","48.80","-","0.20","48.15","1","48.80","2","10.61",
"3530","晶相光","371,482","383","31,952,883","88.50","90.00","82.60","82.60","-","5.90","82.50","2","82.90","1","8.76",
"3532","台勝科","10,212,589","10,082","1,755,942,117","178.50","181.00","163.00","164.00","-","12.50","164.00","27","164.50","35","30.48",
"3533","嘉澤","2,723,112","3,825","1,699,124,061","656.00","661.00","609.00","610.00","-","58.00","610.00","12","611.00","1","16.09",
"3535","晶彩科","4,382,580","2,303","107,354,810","25.30","25.60","23.55","23.65","-","1.30","23.65","4","23.70","86","14.69",
"3536","誠創","118,119","54","560,853","4.74","5.09","4.74","4.74","-","0.52","4.74","2","4.95","1","0.00",
"3543","州巧","70,000","30","1,404,700","20.50","21.00","19.40","19.80","-","0.35","19.50","2","19.80","9","0.00",
"3545","敦泰","7,288,775","5,322","621,917,841","90.10","90.70","81.50","81.90","-","8.10","81.90","20","82.00","119","2.96",
"3550","聯穎","183,018","96","2,562,207","14.30","14.30","13.85","13.85","-","0.45","13.85","7","13.90","1","39.57",
"3557","嘉威","216,275","150","12,786,953","61.90","62.00","57.00","57.00","-","4.00","57.00","9","57.90","2","7.74",
"3563","牧德","219,233","305","29,664,424","138.50","140.00","131.50","131.50","-","7.00","131.50","6","132.00","5","7.40",
"3576","聯合再生","9,984,425","5,295","222,355,456","22.70","22.95","21.70","21.70","-","0.90","21.70","249","21.75","26","0.00",
"3583","辛耘","925,210","746","63,769,556","70.60","71.50","67.00","67.10","-","3.90","67.00","31","67.10","16","10.35",
"3588","通嘉","1,039,641","900","83,586,319","81.90","83.60","76.60","76.90","-","5.10","76.90","3","77.00","12","10.42",
"3591","艾笛森","301,264","173","4,483,636","15.15","15.30","14.50","14.70","-","0.60","14.65","4","14.70","15","17.93",
"3592","瑞鼎","838,564","1,289","288,219,957","347.50","351.00","338.50","339.00","-","8.50","339.00","18","339.50","11","5.99",
"3593","力銘","28,573","41","405,215","14.30","14.30","14.10","14.10","-","0.20","14.05","1","14.10","2","0.00",
"3596","智易","5,656,778","4,323","632,576,172","120.00","120.00","108.00","108.00","-","12.00","--","0","108.00","249","13.74",
"3605","宏致","1,550,832","1,044","54,630,382","37.40","37.40","33.80","33.90","-","3.60","33.85","5","33.90","7","8.71",
"3607","谷崧","525,519","290","6,643,601","12.80","12.90","12.45","12.45","-","0.45","12.45","2","12.50","5","0.00",
"3617","碩天","105,293","112","7,040,242","68.10","68.60","65.20","66.10","-","2.50","66.00","4","66.30","1","0.00",
"3622","洋華","1,076,511","687","30,966,250","29.60","29.80","27.45","27.45","-","2.05","27.45","13","27.60","3","14.15",
"3645","達邁","6,892,599","3,792","303,894,880","46.60","46.60","42.20","42.45","-","3.45","42.40","7","42.45","6","16.71",
"3653","健策","3,392,711","3,233","1,123,424,367","328.00","350.00","315.00","315.00","-","19.50","315.00","4","316.00","44","26.74",
"3661","世芯-KY","7,159,939","7,087","4,860,277,026","698.00","720.00","635.00","639.00","-","55.00","639.00","2","640.00","2","29.37",
"3665","貿聯-KY","1,537,275","1,402","457,923,626","307.50","308.50","291.00","291.00","-","17.50","291.00","12","291.50","2","19.44",
"3669","圓展","413,540","307","15,486,942","38.60","38.60","36.20","36.20","-","2.75","36.20","21","36.55","2","6.34",
"3673","TPK-KY","2,320,017","1,475","76,886,987","34.65","34.65","32.25","32.35","-","2.30","32.35","18","32.45","13","13.77",
"3679","新至陞","65,748","79","4,583,940","70.80","70.80","69.20","69.60","-","0.60","69.60","1","69.70","5","8.21",
"3682","亞太電","5,159,149","1,388","37,632,935","7.33","7.37","7.20","7.24","-","0.06","7.24","120","7.29","12","0.00",
"3686","達能","524,488","285","6,951,093","13.30","13.65","12.90","12.90","-","0.35","12.90","4","12.95","1","0.00",
"3694","海華","171,359","113","2,931,819","17.65","18.20","16.55","16.55","-","1.25","16.55","4","16.60","5","8.23",
"3701","大眾控","2,297,707","1,625","101,629,321","45.80","47.60","41.30","41.30","-","4.50","41.30","18","41.35","41","28.29",
"3702","大聯大","4,189,929","1,898","226,359,323","55.10","55.30","53.40","53.90","-","1.20","53.80","70","54.00","54","8.09",
"3702A","大聯大甲特","279,408","141","13,943,667","49.95","50.00","49.85","49.90","+","0.05","49.85","12","49.90","27","0.00",
"3703","欣陸","2,423,682","1,236","62,266,239","26.30","26.40","25.25","25.35","-","0.75","25.35","13","25.40","2","8.07",
"3704","合勤控","3,749,255","1,942","93,274,832","26.60","26.60","23.95","24.00","-","2.60","24.00","7","24.10","6","8.08",
"3705","永信","352,949","321","14,164,046","40.30","40.30","40.00","40.20","-","0.30","40.05","4","40.20","10","13.44",
"3706","神達","2,898,644","1,661","78,533,573","27.30","27.60","26.75","26.80","-","0.65","26.80","30","26.85","6","2.72",
"3708","上緯投控","6,583,397","4,263","781,251,071","122.00","122.50","114.50","115.00","-","6.00","115.00","65","115.50","30","56.37",
"3711","日月光投控","19,647,993","12,514","1,485,932,092","77.00","77.80","74.40","74.50","-","1.90","74.50","415","74.60","44","4.68",
"3712","永崴投控","1,917,844","1,299","58,919,539","31.60","31.85","29.70","29.75","-","1.75","29.75","9","29.80","6","15.58",
"3714","富采","8,615,728","6,709","421,906,880","50.70","51.30","47.20","47.55","-","3.15","47.55","97","47.60","6","10.14",
"4104","佳醫","467,261","539","31,299,570","68.00","68.00","66.20","66.30","-","1.60","66.20","18","66.30","4","14.51",
"4106","雃博","1,161,242","1,298","27,330,704","24.65","24.65","22.85","22.90","-","1.65","22.90","9","23.00","13","22.23",
"4108","懷特","287,162","527","5,245,205","18.75","18.75","17.65","17.65","-","1.15","17.50","6","17.65","4","0.00",
"4119","旭富","225,315","206","18,360,471","81.30","82.50","81.00","81.30","-","0.20","81.20","9","81.50","4","140.17",
"4133","亞諾法","2,677,056","1,659","99,691,001","37.95","38.45","36.30","36.45","-","1.00","36.45","10","36.65","12","61.78",
"4137","麗豐-KY","111,794","276","21,398,040","193.00","194.00","189.50","189.50","-","4.50","189.50","1","190.00","1","11.18",
"4142","國光生","5,335,943","2,921","199,718,584","38.30","38.90","36.30","36.40","-","2.70","36.35","71","36.40","24","260.00",
"4148","全宇生技-KY","358,187","267","16,228,110","46.65","46.85","44.25","44.25","-","2.70","44.25","1","44.50","1","11.83",
"4155","訊映","276,867","258","6,403,911","23.55","23.55","22.95","22.95","-","0.60","22.95","10","23.10","1","34.77",
"4164","承業醫","332,491","302","12,624,134","38.60","39.25","37.35","37.45","-","1.20","37.45","1","37.55","3","17.92",
"4190","佐登-KY","61,067","55","4,070,015","66.80","67.20","66.00","67.00","-","0.40","65.90","1","67.00","7","17.72",
"4306","炎洲","1,099,019","617","16,042,269","14.95","14.95","14.40","14.50","-","0.45","14.45","48","14.50","29","42.65",
"4414","如興","2,261,048","626","10,830,967","4.89","4.93","4.69","4.71","-","0.16","4.71","35","4.74","2","0.00",
"4426","利勤","4,277,068","2,033","114,866,862","28.45","28.45","26.10","26.10","-","2.60","26.10","7","26.20","11","0.00",
"4438","廣越","403,664","249","41,537,760","107.00","108.50","98.10","102.00","-","7.00","101.50","7","103.00","3","14.07",
"4439","冠星-KY","19,245","22","2,644,222","141.00","141.00","136.00","136.00","-","6.50","135.50","2","136.00","1","12.39",
"4440","宜新實業","101,493","79","3,803,840","38.80","38.80","36.95","37.00","-","1.80","37.00","4","37.20","3","8.22",
"4526","東台","172,678","245","2,449,551","14.35","14.35","14.05","14.05","-","0.20","14.00","31","14.05","10","14.19",
"4532","瑞智","817,731","440","13,639,055","16.90","16.90","16.50","16.55","-","0.35","16.55","5","16.60","5","15.05",
"4536","拓凱","58,682","82","7,464,124","127.00","129.00","125.50","126.00","-","2.50","126.00","2","126.50","1","12.86",
"4540","全球傳動","145,365","100","6,241,368","43.35","43.60","42.20","42.65","-","1.10","42.40","2","42.75","1","12.33",
"4545","銘鈺","98,226","63","2,687,033","28.10","28.10","26.85","26.85","-","1.25","26.80","2","26.85","1","17.21",
"4551","智伸科","981,752","899","149,180,825","154.50","156.50","147.50","148.50","-","4.50","148.50","19","149.00","1","14.42",
"4552","力達-KY","60,520","53","1,693,565","28.45","28.45","27.75","27.75","-","0.75","27.70","4","27.75","4","8.46",
"4555","氣立","21,000","21","1,177,800","55.50","56.50","55.50","56.00","-","0.50","55.70","1","56.10","1","15.64",
"4557","永新-KY","51,005","49","3,920,480","77.20","77.60","76.40","76.40","-","0.80","76.40","3","76.70","2","14.12",
"4560","強信-KY","65,000","45","2,625,050","40.80","40.80","40.00","40.30","-","0.50","40.30","9","40.35","1","11.85",
"4562","穎漢","90,075","60","1,382,850","15.70","15.70","15.20","15.35","-","0.05","15.30","2","15.35","2","0.00",
"4564","元翎","794,620","422","22,472,119","29.70","29.70","27.30","27.90","-","1.45","27.70","1","27.90","10","16.51",
"4566","時碩工業","116,319","87","5,163,474","45.30","45.30","43.00","44.50","-","0.70","43.85","2","44.50","1","13.53",
"4571","鈞興-KY","32,000","26","2,441,100","77.10","77.10","75.50","75.50","-","1.70","75.50","1","77.00","1","11.56",
"4572","駐龍","806,287","628","99,795,955","125.00","127.00","120.00","122.50","-","1.00","122.00","30","122.50","12","51.47",
"4576","大銀微系統","118,365","131","10,632,489","91.00","91.50","88.50","89.30","-","2.70","88.60","2","89.30","1","29.87",
"4581","光隆精密-KY","12,226","13","381,957","31.35","31.35","31.10","31.10","+","0.80","30.05","1","31.05","1","13.70",
"4583","台灣精銳","68,594","101","14,608,904","216.00","216.00","209.00","209.00","-","10.00","207.50","1","209.00","7","17.67",
"4720","德淵","240,375","122","3,276,135","14.00","14.00","13.50","13.50","-","0.40","13.50","7","13.65","3","40.91",
"4722","國精化","243,930","161","8,677,310","36.45","36.45","35.10","35.25","-","1.30","35.25","2","35.30","27","8.95",
"4737","華廣","69,028","68","5,091,157","74.10","74.10","72.90","72.90","-","1.20","72.80","1","73.30","1","49.59",
"4739","康普","4,845,926","3,932","606,165,768","128.50","131.00","120.00","120.50","-","7.00","120.50","76","121.00","37","23.17",
"4746","台耀","1,301,085","738","63,383,470","50.50","50.60","47.30","47.30","-","3.20","47.25","1","47.55","1","0.00",
"4755","三福化","2,843,041","2,380","435,355,824","160.00","161.00","145.00","146.50","-","12.00","146.50","2","147.00","30","16.41",
"4763","材料-KY","334,779","268","35,836,745","109.50","110.00","105.00","106.00","-","3.50","106.00","2","106.50","5","9.09",
"4764","雙鍵","16,000","16","902,900","57.20","57.20","55.80","56.60"," ","0.00","56.40","1","56.60","3","42.24",
"4766","南寶","103,348","99","13,660,977","132.50","133.50","131.00","131.50","-","1.00","131.00","5","131.50","1","12.00",
"4770","上品","574,636","476","138,985,579","252.00","252.00","236.50","239.00","-","11.50","238.50","6","239.50","1","16.55",
"4807","日成-KY","6,005","11","145,478","24.80","24.80","24.00","24.05","X","0.00","24.05","1","24.20","1","8.44",
"4904","遠傳","6,501,788","4,338","551,492,099","83.50","85.70","82.50","85.50","+","1.90","85.30","90","85.50","67","28.89",
"4906","正文","6,632,296","3,307","184,987,859","28.90","29.00","27.10","27.10","-","1.90","27.10","30","27.15","7","17.83",
"4912","聯德控股-KY","179,816","172","17,672,582","99.00","101.00","96.30","97.00","-","4.00","97.00","1","97.10","1","14.24",
"4915","致伸","9,208,007","5,495","561,301,178","61.50","62.80","59.80","60.30","-","1.50","60.20","2","60.30","55","11.71",
"4916","事欣科","519,297","316","10,869,326","21.60","21.60","20.50","20.50","-","1.05","20.50","33","20.60","4","18.30",
"4919","新唐","28,874,114","17,554","3,641,509,478","132.00","132.00","122.50","122.50","-","13.50","--","0","122.50","4,787","13.27",
"4927","泰鼎-KY","1,735,993","1,302","117,323,154","70.00","70.00","65.60","65.60","-","3.70","65.50","9","65.60","2","7.61",
"4930","燦星網","213,076","232","5,018,737","23.65","24.15","23.05","23.30","-","0.65","23.20","4","23.30","4","4.60",
"4934","太極","5,538,417","3,129","173,781,708","33.10","33.35","30.15","30.45","-","3.05","30.45","14","30.50","7","0.00",
"4935","茂林-KY","207,323","148","12,017,949","58.00","59.60","56.90","56.90","-","1.90","56.90","1","57.00","3","6.11",
"4938","和碩","9,796,081","5,328","563,466,855","57.40","58.50","56.90","57.10","+","0.10","57.10","96","57.20","107","8.69",
"4942","嘉彰","536,540","315","20,620,465","39.50","39.50","37.80","37.90","-","1.70","37.85","16","37.90","12","6.38",
"4943","康控-KY","408,266","274","7,454,660","18.25","18.80","18.00","18.00","-","0.25","17.95","5","18.05","2","0.00",
"4952","凌通","2,431,829","1,699","138,647,606","58.50","59.40","55.00","55.00","-","4.40","55.00","29","55.10","3","7.65",
"4956","光鋐","628,101","368","9,872,558","16.60","16.75","15.05","15.25","-","1.45","15.25","12","15.30","4","12.30",
"4958","臻鼎-KY","9,717,726","6,153","956,195,567","102.50","103.00","95.50","95.80","-","7.20","95.80","54","96.00","4","8.56",
"4960","誠美材","6,750,203","2,031","66,171,921","10.15","10.15","9.50","9.50","-","0.65","9.50","36","9.51","2","10.11",
"4961","天鈺","5,040,595","3,395","661,403,842","135.00","137.00","127.00","127.50","-","7.50","127.50","2","128.00","36","3.61",
"4967","十銓","1,074,325","458","28,307,151","26.95","27.15","26.10","26.20","-","0.75","26.15","195","26.20","8","0.00",
"4968","立積","3,402,138","3,062","507,215,233","160.00","162.50","142.50","142.50","-","15.50","--","0","142.50","40","59.38",
"4976","佳凌","1,588,952","1,109","61,452,808","40.40","41.45","37.00","37.00","-","3.40","37.00","31","37.20","27","0.00",
"4977","眾達-KY","66,608","59","5,112,800","77.50","77.70","76.00","76.00","-","1.50","75.80","4","76.00","1","19.95",
"4989","榮科","340,434","406","8,733,790","26.60","26.70","24.60","24.70","-","2.30","24.70","7","24.75","2","5.51",
"4994","傳奇","278,763","294","11,998,850","44.30","45.80","41.70","41.90","-","1.95","41.85","2","42.25","2","24.08",
"4999","鑫禾","64,398","132","2,278,087","35.50","35.90","35.05","35.15","-","1.15","35.15","1","35.30","1","14.29",
"5007","三星","139,370","99","7,790,835","55.70","56.40","55.50","56.00","+","0.30","56.00","3","56.10","6","16.47",
"5203","訊連","180,894","183","15,069,670","85.70","85.80","82.00","82.00","-","3.70","81.90","1","82.00","2","0.00",
"5215","科嘉-KY","319,853","250","14,944,842","48.80","48.95","45.00","45.10","-","4.10","45.10","1","45.35","1","6.97",
"5222","全訊","399,005","332","49,984,685","130.50","132.00","120.50","122.00","-","8.50","122.00","2","123.50","1","34.86",
"5225","東科-KY","85,000","56","1,768,500","21.15","21.15","20.55","20.55","-","0.70","20.55","6","20.70","1","2.44",
"5234","達興材料","516,857","408","43,363,211","85.10","85.10","82.70","83.30","-","1.20","83.30","4","83.50","2","12.55",
"5243","乙盛-KY","3,159,858","2,100","196,196,444","65.00","65.40","59.90","59.90","-","5.00","59.80","10","59.90","37","21.09",
"5244","弘凱","124,562","76","3,768,643","31.30","31.30","29.65","29.85","-","1.45","29.85","6","30.20","2","6.66",
"5258","虹堡","14,703,471","8,015","828,046,475","57.80","58.40","52.00","53.00","-","1.80","53.00","109","53.10","35","13.25",
"5269","祥碩","817,006","1,159","871,815,715","1,125.00","1,125.00","1,025.00","1,035.00","-","80.00","1,030.00","5","1,035.00","1","21.53",
"5283","禾聯碩","38,211","64","3,819,560","100.00","101.50","99.80","99.90","+","0.30","99.90","1","100.00","7","9.51",
"5284","jpp-KY","55,239","66","2,345,780","42.60","43.10","42.05","42.50","-","0.60","42.50","1","42.75","1","14.81",
"5285","界霖","1,018,407","776","90,193,246","90.40","92.40","87.00","87.00","-","4.40","86.90","3","87.00","1","18.87",
"5288","豐祥-KY","123,017","101","19,855,259","165.00","165.00","158.50","158.50","-","7.50","158.00","1","159.50","1","16.65",
"5306","桂盟","382,995","607","60,739,848","164.00","165.00","156.00","156.00","X","0.00","155.50","14","157.00","2","9.82",
"5388","中磊","3,929,891","4,341","305,419,775","81.00","81.00","75.80","75.90","-","5.20","75.90","20","76.00","34","18.29",
"5434","崇越","653,149","820","87,401,791","138.00","138.00","131.50","133.00","-","5.00","133.00","12","133.50","8","9.67",
"5469","瀚宇博","1,884,636","885","57,607,201","31.25","31.50","30.00","30.00","-","1.65","30.00","48","30.05","34","4.37",
"5471","松翰","2,407,596","1,968","149,525,342","66.80","66.80","60.30","60.50","-","6.50","60.40","12","60.50","22","7.22",
"5484","慧友","28,892","27","367,841","13.20","13.20","12.50","12.50","-","0.65","12.50","2","12.85","1","0.00",
"5515","建國","347,266","183","4,802,421","13.80","13.90","13.80","13.80","-","0.15","13.80","9","13.85","43","11.31",
"5519","隆大","746,292","394","15,959,057","21.75","21.75","21.20","21.30","-","0.45","21.25","32","21.30","16","7.69",
"5521","工信","712,249","816","4,929,366","6.90","7.03","6.86","6.88","-","0.02","6.88","3","6.89","13","0.00",
"5522","遠雄","922,051","467","57,679,155","62.30","63.30","61.80","62.00","-","0.60","62.00","14","62.10","39","7.14",
"5525","順天","84,313","64","1,950,841","23.45","23.45","22.75","23.20","+","0.20","23.05","3","23.20","4","20.53",
"5531","鄉林","538,699","278","5,031,673","9.41","9.43","9.28","9.28","-","0.21","9.28","21","9.32","3","0.00",
"5533","皇鼎","627,188","317","10,673,390","17.00","17.45","16.60","17.10"," ","0.00","16.95","10","17.10","28","3.13",
"5534","長虹","145,480","149","10,615,385","73.30","73.70","72.20","72.50","-","0.80","72.10","1","72.70","1","9.09",
"5538","東明-KY","49,024","43","2,274,359","46.45","47.55","45.85","45.85","-","0.60","45.35","3","45.85","3","6.00",
"5546","永固-KY","20,002","17","1,065,308","54.20","54.20","52.40","54.00","-","0.30","53.30","1","54.20","1","16.67",
"5607","遠雄港","435,641","498","21,089,495","49.35","49.70","47.65","47.65","-","1.65","47.65","4","47.70","7","17.39",
"5608","四維航","6,734,903","3,654","205,726,398","31.95","31.95","29.25","29.30","-","2.15","29.30","26","29.35","128","3.91",
"5706","鳳凰","4,301,170","2,899","253,786,198","62.00","62.40","56.60","57.30","-","4.70","57.30","22","57.40","4","159.17",
"5871","中租-KY","15,500,347","12,582","2,990,613,779","197.00","198.50","188.00","189.00","-","19.50","188.50","105","189.00","69","12.68",
"5871A","中租-KY甲特","267,095","103","26,501,790","99.30","99.40","99.10","99.10","-","0.20","99.10","2","99.20","94","0.00",
"5876","上海商銀","7,124,454","3,362","372,803,131","53.50","53.70","51.80","52.00","-","1.10","51.90","128","52.00","1,848","16.40",
"5880","合庫金","10,724,610","5,095","285,068,282","26.60","26.90","26.40","26.50","-","0.35","26.45","197","26.50","64","17.79",
"5906","台南-KY","29,050","28","857,487","29.40","30.50","28.85","29.50"," ","0.00","29.25","1","29.55","1","9.22",
"5907","大洋-KY","333,343","59","5,177,114","15.65","15.65","15.40","15.40","-","0.25","15.35","8","15.50","10","0.00",
"6005","群益證","4,463,302","2,286","61,412,765","14.00","14.00","13.55","13.55","-","0.45","13.55","168","13.60","25","6.95",
"6024","群益期","121,174","213","4,393,722","36.40","36.70","35.75","35.95","-","0.45","35.95","6","36.00","1","15.56",
"6108","競國","253,197","165","4,445,719","17.90","18.05","17.35","17.40","-","0.55","17.35","14","17.40","1","11.92",
"6112","聚碩","135,392","110","4,774,357","36.45","36.60","34.90","35.10","-","0.85","35.05","2","35.20","7","15.06",
"6115","鎰勝","85,403","105","3,643,935","42.75","42.75","42.60","42.65","-","0.15","42.65","1","42.70","1","15.68",
"6116","彩晶","20,818,250","5,923","206,317,504","10.15","10.30","9.63","9.65","-","0.50","9.65","46","9.67","24","5.88",
"6117","迎廣","58,196","166","856,583","14.95","14.95","14.50","14.55","-","0.35","14.55","7","14.75","2","0.00",
"6120","達運","2,867,012","1,658","26,740,444","9.69","9.72","9.06","9.06","-","0.62","9.06","5","9.08","15","0.00",
"6128","上福","412,154","159","12,568,642","30.50","30.75","30.30","30.30","-","0.40","30.25","5","30.30","2","9.81",
"6133","金橋","9,615,920","3,414","110,732,420","12.05","12.20","10.90","11.00","-","0.95","11.00","22","11.05","1","0.00",
"6136","富爾特","292,352","183","5,361,771","18.45","18.45","18.20","18.20","-","0.25","18.20","27","18.30","14","14.44",
"6139","亞翔","829,958","424","24,216,360","29.75","29.75","28.90","28.95","-","0.80","28.90","18","29.00","14","12.27",
"6141","柏承","146,598","210","3,282,595","22.55","22.80","21.90","22.80"," ","0.00","22.45","2","22.85","1","9.34",
"6142","友勁","363,808","116","3,081,805","8.51","8.65","8.19","8.33","-","0.28","8.21","1","8.33","1","6.12",
"6152","百一","312,296","110","2,720,777","8.91","9.00","8.63","8.63","-","0.37","8.63","1","8.65","3","35.96",
"6153","嘉聯益","2,074,400","1,260","44,306,412","22.05","22.15","20.70","20.70","-","1.45","20.65","16","20.70","11","0.00",
"6155","鈞寶","505,332","246","10,425,393","21.30","21.30","20.00","20.25","-","1.20","20.25","8","20.30","1","14.16",
"6164","華興","578,988","301","6,811,034","12.00","12.15","11.45","11.60","-","0.40","11.60","5","11.65","1","290.00",
"6165","浪凡","325,010","179","7,617,360","23.95","24.30","22.95","23.30","-","0.65","23.30","6","23.55","1","9.87",
"6166","凌華","67,643","61","3,773,621","56.50","56.50","55.30","55.40","-","1.20","55.30","5","55.40","1","71.95",
"6168","宏齊","962,367","629","18,522,038","20.15","20.15","18.60","18.60","-","1.45","18.60","10","18.65","2","10.05",
"6176","瑞儀","2,640,613","2,711","222,934,910","86.40","86.80","82.90","82.90","-","3.90","82.90","11","83.00","19","6.89",
"6177","達麗","562,858","251","16,795,148","30.25","30.25","29.65","29.80","-","0.15","29.75","8","29.80","1","5.14",
"6183","關貿","78,361","99","4,639,041","59.90","60.30","58.50","58.60","-","0.50","58.60","3","58.80","1","18.54",
"6184","大豐電","76,708","113","3,736,852","49.30","49.40","48.00","48.00","-","1.40","48.00","3","48.10","1","12.34",
"6189","豐藝","856,512","670","35,059,677","41.55","41.55","40.45","40.50","-","1.05","40.50","27","40.55","3","9.14",
"6191","精成科","2,997,828","1,565","81,984,398","28.35","28.55","26.50","26.55","-","2.05","26.55","18","26.60","77","4.34",
"6192","巨路","131,412","119","9,068,305","69.00","69.70","68.70","68.80","-","0.80","68.70","6","68.80","7","8.28",
"6196","帆宣","1,625,990","1,439","171,153,209","108.50","110.00","100.50","106.00","-","5.00","105.50","11","106.00","26","12.10",
"6197","佳必琪","380,554","311","13,654,859","36.70","36.80","35.00","35.40","-","1.45","35.35","2","35.45","3","12.12",
"6201","亞弘電","53,000","46","2,127,300","40.35","40.35","39.85","39.85","-","0.45","39.85","4","40.10","2","11.76",
"6202","盛群","4,807,703","3,965","385,987,414","83.10","83.30","78.20","78.40","-","7.40","78.40","11","78.50","3","8.02",
"6205","詮欣","1,863,731","1,085","118,657,835","65.20","67.60","61.30","61.50","-","3.70","61.50","15","61.60","6","24.80",
"6206","飛捷","9,235,613","7,450","840,546,193","92.60","95.50","87.00","88.90","-","3.00","88.90","4","89.00","9","14.57",
"6209","今國光","870,675","498","23,395,375","27.50","27.75","26.00","26.00","-","1.55","26.00","24","26.10","16","0.00",
"6213","聯茂","2,975,933","2,344","208,900,168","71.80","72.50","68.30","68.40","-","3.40","68.30","22","68.50","23","7.91",
"6214","精誠","285,897","280","20,187,555","71.30","71.30","70.20","70.40","-","0.90","70.30","5","70.40","1","17.05",
"6215","和椿","958,878","597","21,433,055","23.60","23.60","21.80","21.80","-","1.55","21.80","4","21.85","3","8.48",
"6216","居易","1,391,998","956","41,906,686","31.60","31.60","29.05","29.45","-","2.00","29.45","19","29.50","3","13.89",
"6224","聚鼎","521,093","501","33,625,670","66.50","68.10","62.40","62.40","-","4.40","62.20","3","62.60","9","11.91",
"6225","天瀚","17,358","16","134,656","8.05","8.07","7.70","7.70","-","0.73","7.70","29","8.00","5","0.00",
"6226","光鼎","3,307,829","1,385","39,910,325","12.30","12.50","11.65","11.75","-","0.85","11.75","19","11.80","10","235.00",
"6230","尼得科超眾","20,199","29","2,096,657","105.50","106.50","102.00","102.00","-","2.00","102.00","1","102.50","2","56.35",
"6235","華孚","36,137,578","19,246","1,609,388,441","45.35","46.55","41.50","41.55","-","2.90","41.55","355","41.60","10","31.48",
"6239","力成","2,267,924","1,904","199,947,386","88.80","89.10","87.70","87.70","-","0.10","87.70","521","87.80","33","7.00",
"6243","迅杰","466,287","398","15,977,742","36.00","36.40","32.80","32.85","-","3.55","32.80","33","32.85","4","19.55",
"6251","定穎","10,563,314","4,082","250,314,530","24.50","24.55","23.20","23.20","-","1.20","23.20","37","23.25","45","10.40",
"6257","矽格","5,433,136","2,593","278,763,572","51.90","52.20","50.70","50.90","-","1.00","50.90","162","51.00","210","7.55",
"6269","台郡","2,626,059","1,879","217,738,281","86.00","86.00","81.80","82.00","-","4.60","82.00","16","82.10","9","8.63",
"6271","同欣電","2,592,015","2,221","506,272,418","202.50","205.00","188.00","188.00","-","13.00","187.50","28","188.50","15","10.52",
"6277","宏正","94,695","95","7,219,940","76.90","77.10","76.00","76.00","-","0.60","75.90","2","76.10","1","15.08",
"6278","台表科","10,977,954","6,675","929,458,215","90.00","91.00","81.40","81.40","-","9.00","--","0","81.40","405","5.25",
"6281","全國電","146,265","183","12,434,148","85.50","86.80","84.20","84.80","-","0.70","84.70","4","84.90","2","13.66",
"6282","康舒","5,782,488","3,189","167,533,872","29.00","29.60","28.30","28.35","-","0.45","28.35","37","28.40","5","23.43",
"6283","淳安","581,589","366","16,931,759","30.15","30.20","27.85","27.85","-","2.35","27.85","5","27.95","1","0.00",
"6285","啟碁","3,146,851","3,863","207,115,054","69.20","69.20","63.80","63.80","-","5.40","63.80","20","64.00","65","20.06",
"6288","聯嘉","473,030","278","10,787,826","23.40","23.40","22.45","22.50","-","0.70","22.45","2","22.50","6","0.00",
"6289","華上","2,625","7","6,831","2.72","2.72","2.57","2.57","-","0.15","2.57","2","2.70","2","0.00",
"6405","悅城","102,000","78","2,152,750","21.95","21.95","20.40","21.00","-","0.50","21.00","3","21.30","1","18.10",
"6409","旭隼","146,544","180","210,864,535","1,470.00","1,480.00","1,410.00","1,420.00","-","25.00","1,415.00","4","1,425.00","1","50.82",
"6412","群電","221,960","235","15,437,339","68.90","70.90","68.80","69.60","-","0.30","69.50","12","69.70","2","9.09",
"6414","樺漢","1,782,230","4,761","370,159,639","215.00","217.00","201.00","203.50","-","10.50","203.50","9","204.00","6","14.86",
"6415","矽力-KY","477,365","1,060","1,109,078,775","2,410.00","2,420.00","2,250.00","2,250.00","-","145.00","2,250.00","1","2,255.00","1","33.73",
"6416","瑞祺電通","170,292","183","13,579,227","81.80","82.80","78.50","78.50","-","2.70","78.50","1","79.40","1","27.16",
"6426","統新","169,722","164","9,417,687","59.20","59.20","53.90","53.90","-","5.20","53.90","2","54.00","1","59.89",
"6431","光麗-KY","32,000","24","813,950","25.30","26.15","25.00","26.15","+","0.85","25.15","1","26.15","1","0.00",
"6438","迅得","926,031","687","76,916,072","84.20","85.00","82.00","82.10","-","2.00","82.10","1","82.20","1","8.53",
"6442","光聖","40,298","36","1,621,120","40.50","40.50","40.00","40.10","-","0.75","40.05","2","40.10","1","16.17",
"6443","元晶","16,601,253","7,895","526,188,048","32.60","33.00","30.20","30.40","-","2.10","30.40","207","30.50","205","190.00",
"6449","鈺邦","76,144","68","3,590,516","47.50","49.00","44.65","44.65","-","4.45","44.30","3","44.65","2","12.37",
"6451","訊芯-KY","165,184","169","11,588,120","73.70","73.70","68.50","68.50","-","5.10","68.50","8","69.00","1","102.24",
"6456","GIS-KY","1,472,596","983","108,620,266","76.00","76.40","72.00","72.10","-","4.40","72.10","11","72.20","13","5.42",
"6464","台數科","41,016","35","3,578,596","87.20","88.00","86.90","87.40"," ","0.00","87.10","5","87.40","2","10.67",
"6477","安集","20,089,787","11,845","1,082,509,690","54.20","55.80","50.60","52.90","-","1.30","52.60","3","52.90","41","43.36",
"6491","晶碩","290,846","374","122,826,047","423.00","428.00","418.00","420.00","+","2.00","419.50","1","420.00","42","21.24",
"6504","南六","74,179","89","6,187,618","85.90","86.90","80.20","80.20","-","5.70","80.10","1","80.20","7","364.55",
"6505","台塑化","3,496,424","2,334","326,190,328","93.20","94.50","92.30","93.00","-","0.80","92.90","27","93.00","51","19.62",
"6515","穎崴","449,626","497","156,617,668","355.00","361.00","334.50","334.50","X","0.00","334.50","1","336.50","3","20.45",
"6525","捷敏-KY","643,737","620","50,947,975","79.30","80.20","78.50","78.80","-","0.60","78.80","10","78.90","6","11.13",
"6531","愛普*","7,403,925","8,475","1,502,078,748","213.00","215.50","190.00","192.50","-","16.50","192.50","15","193.00","10","13.92",
"6533","晶心科","1,370,605","1,975","338,853,914","251.50","262.00","235.00","237.00","-","14.50","236.50","1","237.00","4","46.47",
"6541","泰福-KY","4,541,320","3,201","294,475,301","66.90","68.70","62.20","62.50","-","4.80","62.50","19","63.00","11","0.00",
"6550","北極星藥業-KY","4,365,761","3,293","490,919,221","115.00","116.50","107.50","113.50","-","2.00","110.00","52","113.50","9","0.00",
"6552","易華電","87,779","178","3,419,446","39.80","39.80","37.60","38.85","-","1.00","38.85","1","38.95","3","9.38",
"6558","興能高","248,578","235","5,094,337","21.00","21.75","20.00","20.00","-","1.35","20.00","71","20.05","1","0.00",
"6573","虹揚-KY","126,370","89","1,908,093","15.30","15.40","14.80","14.80","-","0.70","14.80","3","14.85","1","0.00",
"6579","研揚","411,160","39","32,669,791","80.60","80.60","78.20","78.20","-","0.40","78.20","1","78.60","2","21.37",
"6581","鋼聯","373,853","363","30,258,992","82.90","83.00","79.00","79.00","-","4.20","78.70","1","79.00","11","13.41",
"6582","申豐","311,552","395","25,474,113","84.60","84.60","79.20","79.20","-","5.50","79.10","3","79.20","1","3.28",
"6585","鼎基","239,963","194","17,052,027","72.30","72.90","69.30","69.60","-","2.70","69.60","1","69.90","1","15.30",
"6591","動力-KY","272,286","220","13,322,354","50.90","50.90","48.00","48.10","-","2.70","48.05","2","48.10","2","5.79",
"6592","和潤企業","1,163,226","1,132","114,860,341","100.00","100.50","97.40","97.40","-","3.10","97.40","20","97.70","2","15.56",
"6598","ABC-KY","738,569","459","22,718,257","31.20","31.60","30.10","30.35","-","0.85","30.30","9","30.35","1","0.00",
"6605","帝寶","2,628,289","1,771","188,771,561","72.10","73.90","70.70","70.70","-","2.50","70.70","4","70.80","2","8.89",
"6625","必應","19,105","18","534,117","28.15","28.45","27.70","28.00","-","0.30","28.00","1","28.35","1","0.00",
"6641","基士德-KY","20,482","46","1,257,513","61.70","61.70","61.00","61.30","-","0.20","61.00","2","61.50","2","10.05",
"6655","科定","127,621","142","19,124,698","145.50","155.00","144.50","153.00","+","8.50","150.00","3","153.50","6","18.75",
"6666","羅麗芬-KY","39,270","61","2,164,040","58.00","58.00","52.80","53.00","-","3.60","52.50","1","53.00","1","34.87",
"6668","中揚光","275,443","221","10,686,031","40.65","41.00","37.50","37.50","-","3.15","37.50","6","37.90","4","0.00",
"6669","緯穎","1,332,602","1,574","892,772,036","691.00","694.00","659.00","663.00","-","34.00","663.00","14","665.00","3","12.47",
"6670","復盛應用","411,555","350","77,807,394","191.00","192.00","187.00","187.00","-","4.00","186.50","2","187.00","2","9.45",
"6671","三能-KY","16,000","11","744,150","46.95","46.95","46.30","46.90","-","0.10","45.50","8","46.05","1","14.66",
"6672","騰輝電子-KY","428,900","382","29,241,141","71.00","71.00","66.10","66.10","-","4.30","66.10","3","66.20","1","6.25",
"6674","鋐寶科技","23,000","23","642,800","28.45","28.45","27.75","27.90","-","0.10","27.75","1","27.90","1","50.73",
"6691","洋基工程","82,511","129","13,927,136","173.50","173.50","166.00","166.00","-","4.50","166.00","8","168.00","2","9.90",
"6698","旭暉應材","228,101","170","7,082,453","32.50","32.80","30.00","30.00","-","2.50","30.00","4","30.05","3","157.89",
"6706","惠特","1,548,042","1,319","188,230,938","125.50","126.50","118.00","118.00","-","7.50","117.50","36","118.00","17","7.18",
"6715","嘉基","1,037,000","896","144,689,271","141.00","144.00","135.50","140.50","-","0.50","140.50","9","141.00","15","41.20",
"6719","力智","2,021,465","2,286","882,596,523","456.00","458.50","415.50","416.00","-","35.50","416.00","13","416.50","35","29.25",
"6743","安普新","236,158","268","8,346,798","36.55","37.50","34.60","34.80","-","1.75","34.70","3","34.80","6","0.00",
"6754","匯僑設計","65,000","51","2,956,500","46.60","46.60","44.80","44.80","-","0.40","44.70","2","45.15","2","11.73",
"6756","威鋒電子","1,266,791","1,285","318,731,365","258.50","263.00","241.00","241.50","-","14.50","241.00","15","241.50","8","16.81",
"6768","志強-KY","610,987","431","42,541,801","70.30","71.60","68.10","68.40","-","2.20","68.40","2","68.50","6","19.00",
"6770","力積電","28,045,598","13,935","1,098,233,297","40.05","40.70","37.80","37.85","-","2.25","37.80","218","37.85","272","8.45",
"6776","展碁國際","57,187","65","2,331,961","41.10","41.10","40.30","40.30","-","0.80","40.20","3","40.55","7","8.92",
"6781","AES-KY","1,163,491","1,308","1,118,795,169","985.00","1,010.00","915.00","915.00","-","54.00","914.00","4","915.00","5","30.46",
"6789","采鈺","3,156,720","3,593","982,129,156","324.50","329.00","294.50","302.00","-","32.00","301.00","3","302.00","4","40.92",
"6790","永豐實","344,792","383","13,992,945","41.10","41.20","40.05","40.15","-","1.20","40.15","3","40.20","1","11.67",
"6792","詠業","213,139","230","18,140,236","87.60","88.10","80.90","81.00","-","5.80","81.00","1","81.50","1","12.39",
"6796","晉弘","226,354","189","12,278,120","56.00","56.00","53.20","53.30","-","3.00","53.30","2","53.70","1","24.01",
"6799","來頡","244,106","271","32,673,639","139.00","141.00","129.50","129.50","-","8.00","129.00","5","130.50","1","17.24",
"6806","森崴能源","2,038,362","1,724","187,271,963","93.70","94.70","90.30","90.30","-","3.40","90.30","33","90.40","25","56.09",
"6807","峰源-KY","22,020","21","650,490","29.95","29.95","29.25","29.25","-","0.30","29.25","1","29.30","1","6.21",
"8011","台通","1,043,053","1,150","14,717,507","14.70","14.75","13.70","13.75","-","0.95","13.70","27","13.75","2","0.00",
"8016","矽創","2,240,359","2,484","431,298,091","199.50","199.50","187.50","188.00","-","12.00","187.50","23","188.00","23","3.39",
"8021","尖點","798,786","599","23,837,147","30.75","30.75","29.25","29.25","-","1.55","29.25","1","29.30","9","9.11",
"8028","昇陽半導體","11,442,271","7,368","708,117,832","62.60","64.90","59.30","59.40","-","3.90","59.40","98","59.50","6","29.70",
"8033","雷虎","1,415,058","588","23,815,939","17.15","17.20","16.60","16.85","-","0.30","16.70","3","16.85","1","153.18",
"8039","台虹","407,547","311","17,875,360","44.40","44.50","43.60","43.65","-","0.90","43.65","2","43.70","6","11.86",
"8046","南電","11,037,331","10,838","2,788,198,331","262.00","264.00","242.50","244.00","-","16.50","244.00","40","244.50","12","12.24",
"8070","長華*","3,025,050","1,557","96,816,165","33.15","33.20","31.10","31.10","-","2.25","31.10","44","31.30","42","10.30",
"8072","陞泰","29,048","64","693,949","24.35","24.45","23.60","23.60","-","0.30","23.50","3","24.05","1","40.00",
"8081","致新","1,055,828","1,067","153,395,967","153.50","153.50","140.50","141.00","-","11.00","140.50","15","141.50","16","4.89",
"8101","華冠","123,000","36","286,840","2.35","2.35","2.32","2.32","-","0.02","2.30","2","2.32","43","6.63",
"8103","瀚荃","830,866","535","28,196,076","35.60","35.60","32.60","32.75","-","3.20","32.70","7","32.75","3","7.31",
"8104","錸寶","878,553","680","33,478,181","39.50","40.00","36.75","36.75","-","2.75","36.70","2","36.75","3","28.49",
"8105","凌巨","2,189,501","673","21,577,595","10.20","10.20","9.55","9.60","-","0.45","9.60","35","9.63","21","9.70",
"8110","華東","2,149,441","961","25,557,183","12.20","12.30","11.55","11.60","-","0.60","11.60","9","11.65","1","24.17",
"8112","至上","4,059,404","2,823","164,695,243","42.00","42.00","39.90","39.90","-","2.15","39.90","42","39.95","68","5.78",
"8112A","至上甲特","53,212","45","2,171,570","40.90","40.90","40.75","40.90"," ","0.00","40.75","14","40.95","3","0.00",
"8114","振樺電","6,391,748","4,737","829,150,031","132.50","136.50","122.00","122.50","X","0.00","122.00","41","122.50","11","14.10",
"8131","福懋科","865,819","458","33,793,466","39.40","39.60","38.50","39.00","-","0.60","39.00","28","39.10","12","10.40",
"8150","南茂","8,021,398","4,271","286,933,601","36.90","37.05","35.05","35.45","-","1.50","35.45","30","35.50","16","4.84",
"8163","達方","1,857,980","1,137","73,146,238","40.40","40.40","38.80","38.80","-","1.65","38.75","11","38.80","29","9.11",
"8201","無敵","310,236","171","3,139,442","10.60","10.60","9.90","9.94","-","0.56","9.91","1","9.97","5","5.99",
"8210","勤誠","169,796","184","10,581,446","65.50","65.50","60.00","60.60","-","3.40","60.60","4","60.70","1","10.88",
"8213","志超","2,419,335","1,441","90,348,690","38.10","38.10","36.85","36.90","-","1.30","36.85","28","36.90","25","4.21",
"8215","明基材","4,546,731","2,708","134,827,647","31.55","31.55","28.60","28.70","-","2.70","28.70","53","28.75","38","8.39",
"8222","寶一","1,767,947","1,114","32,564,573","18.35","18.85","17.90","18.05","-","0.15","18.05","5","18.10","1","0.00",
"8249","菱光","49,086","64","1,068,160","21.80","21.95","21.60","21.65","-","0.50","21.65","1","21.75","1","18.83",
"8261","富鼎","10,912,792","6,755","1,162,798,513","109.00","112.00","102.00","102.50","-","7.00","102.50","21","103.00","27","10.10",
"8271","宇瞻","467,467","394","17,079,243","36.75","37.60","35.60","35.60","-","1.40","35.60","8","35.70","4","6.97",
"8341","日友","83,994","356","16,498,184","197.50","199.50","194.50","196.50","-","1.00","196.50","2","197.00","4","21.29",
"8367","建新國際","144,266","95","5,402,241","37.80","37.80","37.00","37.00","-","0.80","36.95","1","37.00","2","5.76",
"8374","羅昇","49,677","52","1,488,202","30.25","30.50","29.60","29.70","-","0.10","29.70","3","29.90","1","24.15",
"8404","百和興業-KY","135,711","107","4,659,239","34.45","35.05","34.00","34.00","-","0.05","34.00","9","34.10","10","10.66",
"8411","福貞-KY","108,909","80","1,772,823","16.40","16.50","16.05","16.30","-","0.05","16.20","2","16.30","27","7.34",
"8422","可寧衛","446,791","986","75,627,440","172.50","172.50","167.50","168.00","-","4.50","168.00","9","168.50","1","17.54",
"8429","金麗-KY","280,076","420","2,745,606","9.88","9.94","9.68","9.70","-","0.18","9.68","4","9.70","2","0.00",
"8438","昶昕","36,365","39","1,229,156","35.25","35.25","32.70","33.65","-","0.70","32.60","1","33.65","2","10.68",
"8442","威宏-KY","155,000","108","7,992,000","52.40","52.40","50.60","52.10","+","0.10","52.00","1","52.10","3","16.92",
"8443","阿瘦","54,459","132","605,177","11.20","11.30","10.90","10.95","-","0.20","10.90","1","10.95","2","0.00",
"8454","富邦媒","794,726","1,567","519,367,983","645.00","679.00","636.00","642.00","+","4.00","641.00","1","643.00","1","35.16",
"8462","柏文","69,416","135","8,970,145","130.00","132.00","128.00","128.00","X","0.00","128.00","4","129.50","1","0.00",
"8463","潤泰材","104,214","87","2,163,096","21.10","21.55","20.40","20.40","-","0.75","20.40","4","20.50","2","0.00",
"8464","億豐","2,982,845","1,814","827,153,910","290.00","290.00","271.50","275.00","-","18.00","275.00","3","275.50","2","14.54",
"8466","美吉吉-KY","31,001","19","1,424,596","46.50","47.00","45.00","47.00","+","0.20","46.10","2","46.55","1","38.52",
"8467","波力-KY","172,156","146","10,924,835","64.00","66.00","62.20","62.40","-","1.60","62.40","1","63.00","2","25.37",
"8473","山林水","71,756","79","2,141,370","30.05","30.15","29.10","29.10","-","0.95","29.05","2","29.35","1","30.96",
"8478","東哥遊艇","6,300,561","5,286","1,098,071,209","178.00","184.00","165.00","168.50","-","9.50","168.50","9","169.00","12","12.03",
"8480","泰昇-KY","7,000","4","482,300","68.70","69.40","68.70","69.00","-","0.50","68.20","5","69.00","20","11.60",
"8481","政伸","93,632","82","6,256,435","67.40","67.40","66.30","66.90","-","0.50","66.80","1","66.90","1","10.84",
"8482","商億-KY","33,000","30","2,325,200","71.00","71.00","69.80","70.60","+","1.80","70.60","1","70.70","2","8.19",
"8488","吉源-KY","17,000","12","277,500","16.30","16.45","16.30","16.45","+","0.05","16.45","2","16.70","2","19.58",
"8499","鼎炫-KY","45,355","58","5,116,767","113.50","114.00","111.50","112.50","-","2.50","112.00","3","112.50","3","7.59",
"8926","台汽電","700,687","487","26,403,792","37.55","37.85","37.40","37.55"," ","0.00","37.55","6","37.60","39","25.03",
"8940","新天地","346,694","243","4,868,751","14.60","14.85","13.25","13.35","-","1.25","13.35","1","13.65","9","0.00",
"8996","高力","1,922,943","1,115","114,231,892","61.00","62.40","57.00","57.00","-","4.20","57.00","7","57.20","35","28.79",
"9103","美德醫療-DR","1,441,711","765","10,670,134","7.79","7.79","7.10","7.21","-","0.52","7.17","3","7.21","45","0.00",
"910322","康師傅-DR","13,000","4","324,900","25.00","25.00","24.90","24.90","-","0.70","24.85","4","25.00","1","0.00",
"9105","泰金寶-DR","5,955,263","1,656","21,973,111","3.84","3.84","3.64","3.67","-","0.13","3.67","31","3.68","45","0.00",
"910861","神州-DR","176,186","50","1,312,510","7.50","7.73","7.31","7.48","-","0.13","7.29","7","7.52","5","0.00",
"9110","越南控-DR","136,000","38","411,910","3.09","3.14","2.98","3.09","-","0.06","3.05","1","3.09","4","0.00",
"911608","明輝-DR","181,100","47","499,236","2.82","2.82","2.71","2.71","-","0.09","2.71","3","2.73","2","0.00",
"911622","泰聚亨-DR","212,000","47","1,066,080","5.24","5.24","4.90","4.90","-","0.29","4.90","30","5.02","5","0.00",
"911868","同方友友-DR","154,240","45","172,406","1.13","1.14","1.11","1.12","-","0.01","1.11","99","1.12","1","0.00",
"912000","晨訊科-DR","770,001","160","1,619,192","2.19","2.20","2.04","2.07","-","0.16","2.07","1","2.08","15","0.00",
"9136","巨騰-DR","1,630,000","156","10,238,730","6.33","6.35","6.19","6.29","-","0.09","6.20","23","6.29","148","0.00",
"9802","鈺齊-KY","6,319,231","4,238","1,030,844,760","174.00","174.00","156.00","158.00","-","15.00","157.50","35","158.00","1","20.90",
"9902","台火","140,731","82","1,572,186","11.30","11.40","11.00","11.05","-","0.35","11.05","9","11.10","21","9.87",
"9904","寶成","11,064,403","5,238","320,733,649","29.30","29.55","28.70","28.70","-","0.80","28.70","86","28.80","42","6.61",
"9905","大華","95,511","79","2,444,279","25.65","25.75","25.50","25.55","-","0.15","25.50","7","25.55","3","13.31",
"9906","欣巴巴","56,511","50","2,876,206","52.50","52.50","50.10","50.10","-","1.90","50.00","1","50.50","4","9.54",
"9907","統一實","5,339,237","1,679","76,012,279","14.60","14.60","14.05","14.15","-","0.45","14.15","17","14.20","220","9.76",
"9908","大台北","136,494","146","4,559,804","33.30","33.60","33.20","33.45","+","0.35","33.45","2","33.50","15","20.15",
"9910","豐泰","1,664,558","1,366","286,504,369","175.50","177.50","170.00","171.50","-","4.00","171.00","14","171.50","1","30.41",
"9911","櫻花","350,605","543","20,855,372","60.30","60.30","59.00","59.20","-","0.90","59.20","2","59.30","3","12.68",
"9912","偉聯","13,069","32","114,462","9.01","9.01","8.66","8.82","-","0.16","8.76","1","8.82","3","23.84",
"9914","美利達","1,222,105","1,619","304,726,485","255.50","255.50","244.00","244.50","-","11.00","244.50","2","245.50","9","15.54",
"9917","中保科","287,301","354","29,150,730","101.50","102.50","100.50","102.00","+","0.50","102.00","2","102.50","39","17.03",
"9918","欣天然","29,973","41","1,355,490","45.10","45.90","44.70","45.00","+","0.90","44.75","1","45.30","4","26.16",
"9919","康那香","1,073,697","643","17,905,421","17.15","17.15","16.40","16.50","-","0.45","16.50","14","16.55","17","71.74",
"9921","巨大","2,509,808","2,315","567,653,291","237.00","237.00","220.50","221.00","-","19.00","221.00","15","221.50","7","13.70",
"9924","福興","85,791","103","3,301,045","38.35","39.25","38.30","38.35","-","0.15","38.35","1","38.40","5","11.66",
"9925","新保","305,654","242","12,166,108","39.85","40.00","39.60","39.60","-","0.40","39.60","2","39.70","2","15.53",
"9926","新海","20,269","31","1,064,094","52.70","53.40","51.80","52.70","+","1.60","52.40","2","52.70","1","21.16",
"9927","泰銘","392,810","308","15,813,603","40.35","40.75","40.10","40.10","-","0.80","40.10","2","40.15","5","8.15",
"9928","中視","18,230","19","290,487","16.00","16.00","15.70","15.90","-","1.00","15.85","1","16.30","1","0.00",
"9929","秋雨","60,189","28","493,310","8.59","8.59","8.13","8.13","-","0.22","8.13","10","8.14","1","0.00",
"9930","中聯資源","80,670","92","3,816,560","47.35","47.70","47.05","47.10","-","0.25","47.10","1","47.35","1","16.76",
"9931","欣高","10,644","21","436,657","40.85","41.30","40.85","41.10","+","0.40","41.00","2","41.10","1","21.52",
"9933","中鼎","4,110,502","2,699","175,450,276","42.60","43.45","42.20","42.40","X","0.00","42.40","39","42.45","11","12.97",
"9934","成霖","243,376","124","2,850,836","11.85","11.85","11.60","11.65","-","0.20","11.65","20","11.70","5","0.00",
"9935","慶豐富","204,068","124","3,467,197","17.60","17.60","16.60","16.95","-","0.55","16.80","4","16.95","2","0.00",
"9937","全國","142,193","98","7,034,567","49.20","49.75","49.20","49.40","+","0.15","49.35","5","49.50","4","20.00",
"9938","百和","448,584","724","30,088,598","68.90","68.90","66.00","66.00","-","2.80","66.00","14","66.20","8","10.12",
"9939","宏全","952,073","826","71,287,376","76.10","76.10","74.00","74.10","-","2.00","74.10","16","74.30","1","10.45",
"9940","信義","304,287","276","9,164,198","30.35","30.55","29.95","29.95","-","0.50","29.95","6","30.05","8","9.33",
"9941","裕融","1,969,707","4,005","404,597,328","214.00","214.50","200.00","203.00","-","11.50","202.50","1","203.00","14","17.19",
"9941A","裕融甲特","3,021","5","156,689","52.00","52.00","51.80","51.80","-","0.20","51.80","12","51.90","1","0.00",
"9942","茂順","86,169","110","7,124,519","83.60","83.60","82.10","82.10","-","1.50","82.10","6","82.50","1","12.33",
"9943","好樂迪","125,577","141","6,733,305","54.20","54.90","53.00","53.10","-","1.10","53.10","1","53.30","4","279.47",
"9944","新麗","104,057","159","1,995,381","19.25","19.25","19.00","19.20","-","0.05","19.10","2","19.20","6","3.84",
"9945","潤泰新","11,292,702","9,380","804,900,587","73.40","73.60","69.70","70.30","-","3.10","70.30","2","70.40","20","10.56",
"9946","三發地產","63,078","45","808,040","13.15","13.15","12.65","12.65","-","0.20","12.65","2","12.70","13","18.07",
"9955","佳龍","698,723","765","13,027,280","19.50","19.50","18.15","18.25","-","0.95","18.20","4","18.25","8","0.00",
"9958","世紀鋼","6,061,054","5,205","673,699,503","111.00","113.50","108.50","109.00","-","1.50","109.00","10","109.50","11","18.66",
