上櫃股票每日收盤行情(不含定價) 
產業類別:所有證券(不含權證、牛熊證) 
資料日期:111/10/13
代號,名稱,收盤 ,漲跌,開盤 ,最高 ,最低,成交股數  , 成交金額(元), 成交筆數 ,最後買價,最後買量(千股),最後賣價,最後賣量(千股),發行股數 ,次日漲停價 ,次日跌停價
"00679B","元大美債20年","32.04","+0.08","32.07","32.09","32.03","2,737,000","87,755,730","872","32.03","104","32.04","244","1,052,192,000","9,999.95","0.01"
"00687B","國泰20年美債","33.65","+0.14","33.80","33.80","33.65","409,000","13,778,110","148","33.65","3","33.66","4","252,287,000","9,999.95","0.01"
"00694B","富邦美債1-3","39.77","+0.01","39.78","39.80","39.76","140,000","5,568,740","18","39.77","4","39.79","2","144,576,000","9,999.95","0.01"
"00695B","富邦美債7-10","34.89","+0.07","34.96","34.96","34.89","124,000","4,333,360","5","34.89","17","34.90","2","19,186,000","9,999.95","0.01"
"00696B","富邦美債20年","33.66","+0.06","33.80","33.80","33.66","145,000","4,888,390","21","33.67","7","33.68","1","572,681,000","9,999.95","0.01"
"00697B","元大美債7-10","36.50","+0.11","36.50","36.52","36.42","164,000","5,982,100","13","36.44","1","36.50","14","8,712,000","9,999.95","0.01"
"00718B","富邦中國政策債","20.17","-0.03","20.20","20.25","20.17","215,000","4,349,480","7","20.17","26","20.20","2","620,501,000","9,999.95","0.01"
"00719B","元大美債1-3","32.06","+0.01","32.04","32.06","32.00","190,000","6,090,550","55","32.05","7","32.06","49","324,514,000","9,999.95","0.01"
"00720B","元大投資級公司債","33.00","-0.22","33.15","33.16","32.99","2,279,000","75,325,890","890","33.00","34","33.01","87","945,109,000","9,999.95","0.01"
"00721B","元大中國債3-5","46.02","+0.13","46.09","46.09","46.02","101,000","4,648,090","3","45.82","3","45.91","1","31,122,000","9,999.95","0.01"
"00722B","群益15年IG電信債","35.93","-0.22","36.37","36.37","35.92","20,000","719,290","19","35.92","3","35.93","96","987,239,000","9,999.95","0.01"
"00723B","群益15年IG科技債","31.83","-0.06","31.83","31.83","31.83","100,000","3,183,000","10","31.83","1","31.84","8","1,135,583,000","9,999.95","0.01"
"00724B","群益10年IG金融債","31.48","-0.20","31.51","31.51","31.47","61,000","1,921,180","43","31.47","14","31.48","43","2,461,275,000","9,999.95","0.01"
"00725B","國泰投資級公司債","34.32","-0.11","34.34","34.36","34.31","187,000","6,418,500","38","34.30","12","34.35","34","1,417,706,000","9,999.95","0.01"
"00726B","國泰5Y+新興債","32.13","-0.16","32.16","32.21","32.13","122,000","3,927,160","13","32.12","25","32.16","1","1,127,489,000","9,999.95","0.01"
"00727B","國泰1-5Y非投等債","37.63","+0.03","37.64","37.69","37.61","123,000","4,631,960","14","37.63","1","37.66","3","100,189,000","9,999.95","0.01"
"00734B","台新JPM新興債","15.11","-0.02","15.11","15.11","15.08","1,001,000","15,124,390","11","15.10","2","15.11","20","29,479,000","9,999.95","0.01"
"00740B","富邦全球投等債","36.92","-0.11","36.94","36.94","36.90","107,000","3,950,390","9","36.93","1","36.94","48","885,471,000","9,999.95","0.01"
"00741B","富邦全球非投等債","37.09","+0.01","37.10","37.10","37.09","102,000","3,783,190","6","37.05","10","37.08","1","8,128,000","9,999.95","0.01"
"00744B","國泰中國政金債5+","43.69","+0.02","43.71","43.71","43.69","101,000","4,412,710","3","43.59","6","43.65","1","25,728,000","9,999.95","0.01"
"00745B","富邦中政債0-1","42.63","0.00","42.63","42.63","42.63","100,000","4,263,000","4","42.35","1","42.62","8","2,516,000","9,999.95","0.01"
"00746B","富邦A級公司債","34.83","+0.05","34.78","34.83","34.78","102,000","3,552,560","5","34.80","1","34.82","1","1,527,964,000","9,999.95","0.01"
"00747B","FH中國政策債","53.70","+0.10","53.70","53.70","53.70","101,000","5,423,700","3","53.55","9","53.70","9","500,000","9,999.95","0.01"
"00748B","凱基中國債3-10","43.16","+0.13","43.16","43.16","43.16","100,000","4,316,000","2","43.09","7","43.16","1","30,500,000","9,999.95","0.01"
"00749B","凱基新興債10+","29.51","-0.18","29.62","29.62","29.51","111,000","3,277,980","14","29.51","1","29.55","50","932,500,000","9,999.95","0.01"
"00750B","凱基科技債10+","32.98","-0.12","32.98","32.98","32.98","100,000","3,298,000","2","32.91","10","33.02","1","125,500,000","9,999.95","0.01"
"00751B","元大AAA至A公司債","33.38","-0.11","33.49","33.49","33.37","576,000","19,259,390","195","33.37","23","33.38","36","1,547,103,000","9,999.95","0.01"
"00754B","群益AAA-AA公司債","35.49","-0.04","35.49","35.49","35.49","104,000","3,690,960","8","35.42","11","35.46","1","243,900,000","9,999.95","0.01"
"00755B","群益15年IG公用債","33.28","-0.06","33.28","33.28","33.28","104,000","3,461,120","8","33.18","10","33.26","2","124,730,000","9,999.95","0.01"
"00756B","群益15年EM主權債","30.64","-0.16","30.70","30.70","30.61","126,000","3,860,470","18","30.58","5","30.72","51","1,021,800,000","9,999.95","0.01"
"00758B","FH能源債","49.35","-0.23","49.35","49.35","49.35","100,000","4,935,000","2","49.02","6","49.37","6","5,525,000","9,999.95","0.01"
"00759B","FH製藥債","54.50","-0.15","54.55","54.55","53.95","112,000","6,101,000","4","53.90","6","54.55","100","49,025,000","9,999.95","0.01"
"00760B","FH新興企業債","49.80","-0.20","49.80","49.80","49.80","100,000","4,980,000","2","49.61","1","49.73","2","343,520,000","9,999.95","0.01"
"00761B","國泰A級公司債","35.45","-0.09","35.54","35.54","35.45","67,000","2,378,050","19","35.43","2","35.44","56","1,829,089,000","9,999.95","0.01"
"00764B","群益25年美債","33.48","+0.11","33.58","33.58","33.48","103,000","3,448,590","5","33.45","1","33.50","136","668,000,000","9,999.95","0.01"
"00765B","群益中國政金債","40.34","+0.07","40.34","40.34","40.34","100,000","4,034,000","2","40.26","2","40.45","1","3,000,000","9,999.95","0.01"
"00768B","FH20年美債","55.55","+0.10","55.45","55.55","55.45","102,000","5,665,900","4","55.30","6","55.45","2","235,100,000","9,999.95","0.01"
"00772B","中信高評級公司債","34.08","-0.18","34.23","34.23","34.06","1,813,000","61,830,540","354","34.07","22","34.08","16","1,542,290,000","9,999.95","0.01"
"00773B","中信優先金融債","33.58","-0.31","33.76","33.76","33.54","977,000","32,810,370","166","33.57","1","33.58","30","1,596,790,000","9,999.95","0.01"
"00777B","凱基AAA至A公司債","33.35","-0.06","33.35","33.35","33.35","100,000","3,335,000","2","33.31","2","33.34","1","1,001,150,000","9,999.95","0.01"
"00778B","凱基金融債20+","32.48","-0.22","32.48","32.48","32.48","100,000","3,248,000","2","32.39","3","32.46","2","961,650,000","9,999.95","0.01"
"00779B","凱基美債25+","33.52","+0.08","33.52","33.52","33.52","101,000","3,385,520","3","33.43","68","33.56","2","603,150,000","9,999.95","0.01"
"00780B","國泰A級金融債","35.51","-0.03","35.50","35.51","35.47","124,000","4,402,760","6","35.47","13","35.50","1","219,602,000","9,999.95","0.01"
"00781B","國泰A級科技債","31.83","-0.13","31.83","31.83","31.83","100,000","3,183,000","2","31.81","6","31.84","6","3,336,000","9,999.95","0.01"
"00782B","國泰A級公用債","32.46","+0.05","32.30","32.50","32.30","116,000","3,764,000","7","32.38","7","32.45","5","3,467,000","9,999.95","0.01"
"00784B","富邦中國投等債","36.97","+0.02","36.97","36.97","36.97","100,000","3,697,000","4","36.86","20","37.03","5","2,993,000","9,999.95","0.01"
"00785B","富邦金融投等債","32.33","-0.07","32.33","32.33","32.33","100,000","3,233,000","4","32.24","10","32.28","1","615,466,000","9,999.95","0.01"
"00786B","元大10年IG銀行債","31.33","-0.24","31.29","31.33","31.29","107,000","3,352,040","5","31.30","1","31.36","12","8,066,000","9,999.95","0.01"
"00787B","元大10年IG醫療債","33.48","-0.08","33.34","33.48","33.34","104,000","3,481,400","4","33.37","10","33.53","110","7,806,000","9,999.95","0.01"
"00788B","元大10年IG電能債","31.40","-0.04","31.27","31.40","31.27","107,000","3,359,120","5","31.32","1","31.45","10","7,206,000","9,999.95","0.01"
"00789B","FH公司債A3","50.05","-0.55","50.05","50.05","50.05","100,000","5,005,000","2","49.77","8","50.20","9","51,100,000","9,999.95","0.01"
"00790B","FH次順位IG金融債","49.74","-0.61","49.74","49.74","49.74","100,000","4,974,000","2","49.42","1","49.83","9","2,100,000","9,999.95","0.01"
"00791B","FH美元信用債1-5Y","53.50","-0.10","53.50","53.50","53.50","100,000","5,350,000","4","53.25","111","53.40","2","355,600,000","9,999.95","0.01"
"00792B","群益A級公司債","31.93","-0.12","31.93","31.93","31.93","102,000","3,256,860","6","31.90","1","31.92","2","988,615,000","9,999.95","0.01"
"00793B","群益AAA-A醫療債","32.11","-0.06","32.15","32.15","32.11","104,000","3,343,480","5","32.11","3","32.16","50","3,026,000","9,999.95","0.01"
"00794B","群益7+中國政金債","40.69","-0.11","40.88","40.88","40.69","150,000","6,123,060","9","40.63","2","40.81","3","32,687,000","9,999.95","0.01"
"00795B","中信美國公債20年","32.58","+0.11","32.66","32.66","32.56","685,000","22,329,110","25","32.58","12","32.59","70","302,598,000","9,999.95","0.01"
"00799B","國泰A級醫療債","32.79","0.00","32.79","32.79","32.79","100,000","3,279,000","4","32.75","17","32.81","15","3,536,000","9,999.95","0.01"
"00831B","新光美債1-3","38.50","0.00","38.50","38.50","38.50","2,000","77,000","2","38.34","5","38.73","5","14,100,000","9,999.95","0.01"
"00834B","第一金金融債10+","31.51","-0.13","31.51","31.51","31.51","100,000","3,151,000","4","31.44","2","31.52","2","15,198,000","9,999.95","0.01"
"00836B","永豐10年A公司債","29.26","-0.08","29.32","29.32","29.26","108,000","3,160,260","6","29.25","1","29.28","1","338,541,000","9,999.95","0.01"
"00840B","凱基IG精選15+","30.49","-0.08","30.49","30.49","30.49","100,000","3,049,000","2","30.43","7","30.53","9","59,431,000","9,999.95","0.01"
"00841B","凱基AAA-AA公司債","30.55","+0.06","30.55","30.55","30.55","100,000","3,055,000","2","30.50","1","30.55","2","53,940,000","9,999.95","0.01"
"00842B","台新美元銀行債","30.26","-0.14","30.31","30.31","30.26","106,000","3,207,810","5","30.24","2","30.30","25","9,267,000","9,999.95","0.01"
"00844B","新光15年IG金融債","----","---","----","----","----","0","0","0","29.32","55","29.62","5","87,675,000","9,999.95","0.01"
"00845B","富邦新興投等債","29.84","-0.04","29.84","29.84","29.84","100,000","2,984,000","2","29.76","100","29.81","2","191,051,000","9,999.95","0.01"
"00846B","富邦歐洲銀行債","30.80","-0.12","30.80","30.80","30.80","100,000","3,080,000","4","30.78","50","30.80","1","88,350,000","9,999.95","0.01"
"00847B","中信美國市政債","27.33","-0.05","27.37","27.37","27.32","204,000","5,574,890","8","27.30","5","27.34","8","9,805,000","9,999.95","0.01"
"00848B","中信新興亞洲債","32.26","-0.02","32.27","32.27","32.26","100,000","3,226,500","4","32.22","5","32.25","1","154,566,000","9,999.95","0.01"
"00849B","中信EM主權債0-5","36.70","-0.04","36.72","36.72","36.70","100,000","3,671,000","4","36.67","15","36.68","1","587,606,000","9,999.95","0.01"
"00853B","統一美債10年Aa-A","27.77","-0.03","27.70","27.77","27.68","408,000","11,321,890","16","27.70","26","27.74","4","35,134,000","9,999.95","0.01"
"00856B","永豐1-3年美公債","38.86","+0.02","38.84","38.86","38.84","102,000","3,963,680","4","38.80","15","38.88","50","7,792,000","9,999.95","0.01"
"00857B","永豐20年美公債","27.94","+0.10","27.96","27.97","27.94","104,000","2,905,810","6","27.90","6","27.95","10","3,768,000","9,999.95","0.01"
"00858","永豐美國500大","24.22","-0.09","24.38","24.38","24.22","112,000","2,716,270","13","24.21","10","24.26","20","5,374,000","9,999.95","0.01"
"00859B","群益0-1年美債","40.46","+0.06","40.45","40.47","40.45","121,000","4,896,560","6","40.42","1","40.46","9","26,511,000","9,999.95","0.01"
"00860B","群益1-5年IG債","37.50","0.00","37.54","37.54","37.50","101,000","3,787,540","3","37.46","10","37.53","10","3,171,000","9,999.95","0.01"
"00862B","中信投資級公司債","29.90","-0.13","29.96","29.96","29.88","797,000","23,836,310","60","29.89","7","29.92","20","413,881,000","9,999.95","0.01"
"00863B","中信全球電信債","31.00","-0.32","31.02","31.02","31.00","100,000","3,101,000","4","30.98","3","31.00","1","484,464,000","9,999.95","0.01"
"00864B","中信美國公債0-1","41.86","+0.13","41.89","41.90","41.85","144,000","6,030,740","13","41.84","4","41.86","1","30,722,000","9,999.95","0.01"
"00867B","新光A-BBB電信債","30.25","-0.19","30.25","30.25","30.25","2,000","60,500","2","30.15","5","30.32","5","494,150,000","9,999.95","0.01"
"00870B","元大15年EM主權債","28.30","-0.10","28.34","28.34","28.30","102,000","2,890,600","4","28.30","18","28.31","1","370,651,000","9,999.95","0.01"
"00877","FH中國5G","8.49","+0.32","8.34","8.52","8.32","3,362,000","28,422,470","629","8.49","22","8.50","24","390,788,000","9,999.95","0.01"
"00883B","中信ESG投資級債","29.85","-0.25","29.90","29.90","29.85","202,000","6,030,270","6","29.82","4","29.86","13","8,258,000","9,999.95","0.01"
"00884B","中信低碳新興債","28.77","-0.13","28.85","28.85","28.76","212,000","6,100,530","7","28.75","3","28.79","53","26,440,000","9,999.95","0.01"
"00886","永豐美國科技","16.90","-0.14","16.96","16.96","16.89","163,000","2,759,010","17","16.90","1","16.93","10","15,951,000","9,999.95","0.01"
"00887","永豐中國科技50大","13.85","+0.47","13.63","13.87","13.63","203,000","2,813,270","37","13.85","8","13.87","3","17,851,000","9,999.95","0.01"
"00888","永豐台灣ESG","11.38","-0.18","11.58","11.58","11.37","3,088,000","35,317,100","1,103","11.37","41","11.38","24","507,978,000","12.51","10.25"
"00890B","凱基ESG BBB債15+","31.51","-0.08","31.51","31.51","31.51","100,000","3,151,000","2","31.35","9","31.45","2","13,264,000","9,999.95","0.01"
"1240","茂生農經","42.30","-0.20","41.70","42.75","41.30","34,000","1,423,550","26","42.30","1","42.75","1","38,598,194","46.50","38.10"
"1258","其祥-KY","21.85","-0.20","22.05","22.20","21.15","409,000","8,893,200","263","21.80","2","21.85","2","36,819,791","24.00","19.70"
"1259","安心","72.70","-0.10","72.90","73.00","71.90","33,000","2,385,600","25","72.70","1","72.80","1","32,389,500","79.90","65.50"
"1264","德麥","252.00","0.00","252.00","252.00","250.00","10,000","2,518,000","8","252.00","1","253.50","2","37,064,367","277.00","227.00"
"1268","漢來美食","107.00","-6.00","114.00","114.00","106.00","104,000","11,288,500","90","106.50","2","107.00","2","42,723,730","117.50","96.30"
"1336","台翰","20.80","-1.85","22.75","22.85","20.55","852,000","18,278,150","393","20.70","8","20.80","9","77,098,419","22.85","18.75"
"1565","精華","210.00","-9.50","220.00","220.00","209.00","198,000","41,882,000","182","209.50","2","210.00","3","50,416,516","231.00","189.00"
"1569","濱川","22.35","-1.35","23.60","24.00","22.20","1,185,000","27,164,650","640","22.35","26","22.40","11","121,447,441","24.55","20.15"
"1570","力肯","15.45","-0.15","15.60","15.60","15.10","277,000","4,236,400","55","15.25","4","15.45","5","51,500,839","16.95","13.95"
"1580","新麥","86.80","-1.10","88.70","88.70","86.40","105,000","9,127,300","98","86.60","12","86.80","3","50,230,242","95.40","78.20"
"1584","精剛","15.55","-1.30","17.00","17.00","15.45","1,942,000","31,113,300","917","15.50","26","15.55","27","152,470,533","17.10","14.00"
"1586","和勤","35.50","-0.25","35.95","36.20","34.75","95,000","3,371,450","84","35.30","2","35.50","6","85,841,954","39.05","31.95"
"1591","駿吉-KY","14.25","-0.65","14.75","14.80","14.20","151,000","2,178,500","85","14.25","1","14.40","17","34,798,047","15.65","12.85"
"1593","祺驊","60.00","-0.20","60.20","62.00","57.80","23,000","1,371,500","16","58.80","2","60.70","1","37,227,533","66.00","54.00"
"1595","川寶","36.15","-1.55","37.10","37.10","35.50","13,000","469,500","10","35.50","2","36.15","3","46,926,134","39.75","32.55"
"1599","宏佳騰","38.55","-1.20","39.35","39.70","37.60","171,000","6,578,600","105","38.30","2","38.55","1","74,528,764","42.40","34.70"
"1742","台蠟","15.20","除權息","16.30","16.60","15.10","122,000","1,908,650","76","15.20","13","15.25","2","93,559,300","16.70","13.70"
"1777","生泰","74.90","-4.50","79.40","79.70","74.00","329,000","24,952,500","252","74.70","2","75.00","1","44,591,713","82.30","67.50"
"1781","合世","13.70","-0.25","13.50","13.70","13.50","106,000","1,443,300","55","13.70","4","13.85","3","47,407,605","15.05","12.35"
"1784","訊聯","35.25","-2.20","37.00","37.00","35.10","270,000","9,669,450","129","35.25","1","35.55","1","49,626,924","38.75","31.75"
"1785","光洋科","27.70","-1.50","29.40","29.40","27.65","1,718,000","48,733,600","930","27.70","33","27.80","5","597,389,243","30.45","24.95"
"1788","杏昌","149.50","-2.50","151.00","151.00","148.50","48,000","7,178,500","41","149.00","1","149.50","4","40,520,971","164.00","135.00"
"1796","金穎生技","57.10","-0.70","57.40","57.60","55.60","45,000","2,557,700","44","56.40","2","57.10","3","41,459,793","62.80","51.40"
"1799","易威","13.55","-1.40","14.35","14.40","13.55","19,000","267,700","12","13.55","1","14.95","2","114,365,775","14.90","12.20"
"1813","寶利徠","21.50","-0.35","21.70","21.95","21.35","116,000","2,504,800","49","21.35","7","21.60","8","46,635,510","23.65","19.35"
"1815","富喬","11.10","-0.65","11.80","11.85","11.00","2,362,000","26,746,050","742","11.05","24","11.10","22","441,367,438","12.20","9.99"
"02001B","統一美國政府債N","----","---","----","----","----","0","0","0","7.97","409","7.98","305","20,000,000","9,999.95","0.01"
"02002L","兆豐富櫃200正二N","3.34","-0.28","3.60","3.64","3.33","223,000","778,440","41","3.33","111","3.34","123","40,000,000","4.00","2.68"
"02003L","永豐富櫃200正2N","3.40","-0.25","3.45","3.45","3.40","10,000","34,250","2","3.35","5","3.37","200","40,000,000","4.08","2.72"
"2035","唐榮","30.45","-0.50","30.95","31.50","30.20","19,000","583,050","17","30.10","3","30.65","4","350,000,000","33.45","27.45"
"2061","風青","25.50","-0.15","25.65","26.70","24.90","235,000","6,035,550","131","25.35","2","25.55","1","46,928,758","28.05","22.95"
"2063","世鎧","35.55","-0.50","36.10","36.10","35.50","69,000","2,454,550","28","35.50","6","35.60","6","52,599,530","39.10","32.00"
"2064","晉椿","15.05","-0.85","15.90","16.05","15.05","63,000","961,150","36","15.00","3","15.40","1","69,630,000","16.55","13.55"
"2065","世豐","47.00","-1.40","48.20","48.20","46.90","90,000","4,259,850","59","46.95","2","47.10","1","54,377,199","51.70","42.30"
"2066","世德","76.00","-5.80","81.10","81.90","73.70","1,655,000","125,779,100","1,121","75.40","1","76.00","4","37,414,614","83.60","68.40"
"2067","嘉鋼","12.60","-0.20","12.30","12.60","12.30","4,000","49,500","4","12.30","1","12.70","2","45,138,177","13.85","11.35"
"2070","精湛","33.40","+0.15","33.65","33.70","32.20","17,000","562,750","13","32.70","2","33.45","3","35,782,800","36.70","30.10"
"2221","大甲","34.35","-2.80","37.05","37.05","34.35","240,000","8,587,100","178","34.35","5","34.50","20","42,325,000","37.75","30.95"
"2230","泰茂","26.95","-2.30","29.30","29.30","26.80","1,392,000","38,669,500","835","26.95","5","27.00","7","39,913,194","29.60","24.30"
"2235","謚源","46.90","-0.25","46.50","46.90","45.10","8,000","364,300","6","45.95","2","46.75","1","35,878,000","51.50","42.25"
"2596","綠意","17.15","-0.30","17.35","17.35","17.10","81,000","1,394,850","50","17.15","1","17.20","2","100,000,000","18.85","15.45"
"2640","大車隊","82.20","-0.60","82.00","82.20","80.70","17,000","1,383,500","17","81.40","2","82.50","2","59,264,956","90.40","74.00"
"2641","正德","14.55","-1.55","16.10","16.20","14.50","4,433,000","67,170,150","1,794","14.55","104","14.60","12","238,635,888","16.00","13.10"
"2643","捷迅","67.70","-0.20","67.90","68.00","65.70","31,000","2,068,000","28","66.20","2","67.80","2","30,000,000","74.40","61.00"
"2718","晶悅","----","---","----","----","----","0","0","0","33.55","1","33.95","1","84,576,000","37.05","30.35"
"2719","燦星旅","22.80","-0.70","23.00","23.00","22.80","5,000","114,600","5","0.00","0","22.80","1","18,742,100","25.05","20.55"
"2724","富驛-KY","----","---","----","----","----","0","0","0","14.00","1","14.30","2","59,656,345","15.55","12.75"
"2726","雅茗-KY","22.70","-0.25","22.75","22.75","22.20","13,000","291,900","13","22.40","2","22.55","1","35,785,216","24.95","20.45"
"2729","瓦城","195.00","-9.00","204.00","204.00","195.00","120,000","23,743,500","112","195.00","9","195.50","6","30,478,189","214.50","175.50"
"2732","六角","112.50","-12.50","127.50","129.00","112.50","2,240,000","264,898,500","1,793","0.00","0","112.50","93","46,013,320","123.50","101.50"
"2734","易飛網","29.70","-3.30","33.30","33.30","29.70","576,000","17,435,400","354","0.00","0","29.70","168","37,259,760","32.65","26.75"
"2736","富野","19.45","-2.15","21.65","21.75","19.45","2,558,000","51,830,350","1,529","0.00","0","19.45","111","48,992,383","21.35","17.55"
"2740","天蔥","48.50","-0.50","48.50","48.50","47.70","16,000","772,400","13","47.00","1","50.00","3","20,185,484","53.30","43.65"
"2743","山富","57.90","-6.40","65.10","65.50","57.90","3,538,000","214,495,200","2,454","0.00","0","57.90","342","36,031,700","63.60","52.20"
"2745","五福","39.90","-4.40","44.00","44.20","39.90","282,000","11,529,750","234","0.00","0","39.90","25","29,308,526","43.85","35.95"
"2752","豆府","185.00","-1.00","186.00","189.50","183.00","29,000","5,361,500","24","184.00","2","185.00","1","25,782,382","203.50","166.50"
"2754","亞洲藏壽司","105.00","-3.00","108.50","110.00","102.00","1,396,000","147,194,500","1,109","104.50","4","105.00","2","46,280,000","115.50","94.50"
"2755","揚秦","79.00","-1.80","80.10","80.10","79.00","13,000","1,031,700","13","78.10","1","78.90","1","22,000,000","86.90","71.10"
"2756","聯發國際","85.10","-5.50","90.60","90.60","83.50","27,000","2,368,200","27","84.50","1","85.90","1","20,452,350","93.60","76.60"
"2916","滿心","21.85","-0.50","22.30","22.35","21.85","21,000","463,100","19","21.80","2","21.95","3","54,626,878","24.00","19.70"
"2924","東凌-KY","----","---","----","----","----","0","0","0","0.00","0","31.90","1","32,805,174","33.55","27.45"
"2926","誠品生活","48.45","-0.30","48.80","48.80","47.80","9,000","434,350","9","48.35","1","48.80","1","47,389,650","53.20","43.65"
"2937","集雅社","36.40","-0.65","34.90","36.50","34.90","17,000","615,100","12","36.10","5","36.40","3","36,960,455","40.00","32.80"
"2947","振宇五金","----","---","----","----","----","0","0","0","96.20","2","100.00","8","19,268,600","108.50","89.10"
"3064","泰偉","----","---","----","----","----","0","0","0","10.40","1","11.10","1","43,371,502","12.20","9.99"
"3066","李洲","20.60","-1.80","22.40","22.40","20.25","112,000","2,334,050","79","20.60","20","20.75","1","83,070,612","22.65","18.55"
"3067","全域","----","---","----","----","----","0","0","0","0.00","0","37.90","1","20,000,000","41.65","34.15"
"3071","協禧","23.20","-1.20","24.35","24.35","22.85","441,000","10,417,750","211","23.10","8","23.20","4","110,000,000","25.50","20.90"
"3073","天方能源","28.90","+0.35","28.50","28.95","28.50","4,000","114,850","3","26.50","2","28.95","4","32,099,556","31.75","26.05"
"3078","僑威","24.85","-1.85","26.65","26.75","24.60","461,000","11,762,400","280","24.85","1","24.90","2","227,391,064","27.30","22.40"
"3081","聯亞","125.00","-6.50","131.50","132.50","124.50","1,069,000","136,537,000","709","124.50","17","125.00","3","91,867,677","137.50","112.50"
"3083","網龍","39.45","-2.15","41.40","41.65","39.00","359,000","14,422,900","211","39.20","5","39.45","3","86,406,108","43.35","35.55"
"3085","新零售","10.00","+0.05","9.80","10.00","9.40","37,000","357,200","20","9.30","2","10.00","6","58,038,577","11.00","9.00"
"3086","華義","58.80","-6.40","64.30","64.30","58.70","75,000","4,480,300","72","58.80","1","59.40","1","22,274,810","64.60","53.00"
"3088","艾訊","49.90","-1.10","51.00","51.00","49.80","303,000","15,199,800","230","49.90","3","49.95","2","90,422,484","54.80","44.95"
"3089","億杰","39.90","-2.30","42.50","42.80","39.10","123,000","5,007,950","85","39.50","2","40.50","1","65,113,314","43.85","35.95"
"3093","港建","83.80","-3.80","87.60","87.60","82.30","124,000","10,440,200","115","83.80","2","84.50","5","36,288,894","92.10","75.50"
"3095","及成","2.52","-0.10","2.53","2.60","2.52","147,000","371,890","39","2.51","1","2.52","1","109,276,321","2.77","2.27"
"3105","穩懋","123.00","+1.00","122.00","125.50","120.50","5,570,000","684,759,500","3,397","122.50","105","123.00","58","423,940,384","135.00","111.00"
"3114","好德","24.20","-1.20","26.65","26.65","24.20","695,000","17,239,050","231","24.20","56","24.40","12","62,624,800","26.60","21.80"
"3115","富榮綱","10.65","-0.35","11.00","11.00","10.65","14,000","150,250","7","10.65","8","10.90","3","43,697,600","11.70","9.59"
"3118","進階","25.00","-0.30","25.30","25.35","25.00","25,000","628,350","23","25.15","1","25.25","2","32,452,860","27.50","22.50"
"3122","笙泉","23.15","-2.30","25.45","25.50","23.00","440,000","10,533,550","299","23.10","5","23.15","1","39,144,934","25.45","20.85"
"3128","昇銳","24.45","-1.30","26.60","26.70","24.05","4,733,000","119,757,400","2,549","24.45","78","24.50","7","42,000,000","26.85","22.05"
"3131","弘塑","188.00","-10.50","196.50","198.50","188.00","85,000","16,308,000","82","188.00","2","189.00","7","29,216,015","206.50","169.50"
"3141","晶宏","72.90","-4.10","78.50","78.60","72.00","4,011,000","301,250,100","2,767","72.80","5","72.90","58","74,991,228","80.10","65.70"
"3147","大綜","49.45","-0.50","50.30","50.80","49.25","208,000","10,376,700","135","49.45","2","49.60","1","39,006,099","54.30","44.55"
"3152","璟德","156.00","-7.00","161.00","161.50","155.50","92,000","14,519,500","80","156.00","1","157.00","1","69,016,200","171.50","140.50"
"3162","精確","42.75","-1.15","43.80","43.90","42.15","1,569,000","67,212,050","804","42.75","12","42.80","2","129,531,342","47.00","38.50"
"3163","波若威","45.05","-3.60","48.75","49.15","44.40","3,396,000","157,283,350","1,743","45.00","22","45.05","51","75,286,899","49.55","40.55"
"3169","亞信","80.20","-5.10","86.40","86.80","80.20","861,000","71,282,200","660","80.10","8","80.20","3","62,426,981","88.20","72.20"
"3171","新洲","15.30","-0.60","15.50","15.50","15.30","4,000","61,650","4","15.25","1","15.30","6","66,703,515","16.80","13.80"
"3176","基亞","32.00","-1.05","32.55","32.85","31.15","241,000","7,722,600","156","32.00","12","32.05","1","139,446,255","35.20","28.80"
"3178","公準","51.20","-3.80","55.90","55.90","51.20","195,000","10,274,400","165","51.20","2","51.80","1","45,050,000","56.30","46.10"
"3188","鑫龍騰","10.75","-0.40","11.20","11.20","10.70","414,000","4,504,550","179","10.70","15","10.75","3","186,309,876","11.80","9.68"
"3191","和進","8.25","-0.15","8.45","8.45","7.63","98,000","787,560","34","7.81","2","8.24","3","87,194,761","9.07","7.43"
"3202","樺晟","13.85","-0.90","14.70","14.70","13.30","604,000","8,293,900","271","13.45","1","13.85","4","117,164,870","15.20","12.50"
"3205","佰研","36.90","-4.10","41.00","41.00","36.90","664,000","25,386,650","510","36.90","4","37.00","7","32,545,631","40.55","33.25"
"3206","志豐","27.95","-0.45","28.40","28.60","27.75","90,000","2,542,400","64","27.85","2","27.95","2","58,916,621","30.70","25.20"
"3207","耀勝","41.45","-2.95","44.10","44.30","41.15","2,706,000","115,136,050","1,605","41.45","17","41.50","9","53,770,341","45.55","37.35"
"3211","順達","68.20","-2.20","70.10","70.40","67.90","200,000","13,785,700","171","68.20","4","68.30","1","149,711,521","75.00","61.40"
"3213","茂訊","39.55","-0.85","40.30","40.40","39.55","77,000","3,078,600","67","39.55","1","39.60","4","58,685,547","43.50","35.60"
"3217","優群","59.50","-3.90","63.10","63.10","58.90","500,000","30,230,300","343","59.40","3","59.80","1","90,104,203","65.40","53.60"
"3218","大學光","253.50","-19.50","273.00","273.00","247.50","837,000","214,713,000","768","252.50","16","254.00","5","79,929,150","278.50","228.50"
"3219","倚強科","40.55","-4.50","43.90","43.90","40.55","91,000","3,737,150","78","0.00","0","40.55","23","70,351,238","44.60","36.50"
"3221","台嘉碩","22.75","-1.60","24.85","24.85","22.55","1,488,000","34,589,450","766","22.70","13","22.75","22","102,856,410","25.00","20.50"
"3224","三顧","40.45","-0.55","41.20","41.20","40.30","388,000","15,779,450","216","40.45","10","40.90","11","68,172,648","44.45","36.45"
"3226","至寶電","----","---","----","----","----","0","0","0","57.00","1","58.00","1","64,430,573","63.80","52.20"
"3227","原相","79.50","-4.00","83.50","83.50","79.00","417,000","33,734,300","360","79.50","2","79.60","2","146,148,752","87.40","71.60"
"3228","金麗科","194.00","-21.50","208.00","210.00","194.00","1,043,000","207,667,500","821","0.00","0","194.00","317","67,792,705","213.00","175.00"
"3230","錦明","12.40","-0.25","12.60","12.60","12.10","388,000","4,774,750","129","12.25","4","12.40","8","71,010,900","13.60","11.20"
"3232","昱捷","28.40","-1.00","29.60","29.60","28.10","362,000","10,399,500","176","28.40","4","28.75","4","46,567,865","31.20","25.60"
"3234","光環","20.00","-0.95","21.05","21.10","19.70","650,000","13,059,900","368","19.85","6","20.00","10","76,474,692","22.00","18.00"
"3236","千如","20.30","-1.90","22.20","22.35","20.10","390,000","8,168,550","266","20.30","14","20.40","1","92,920,896","22.30","18.30"
"3252","海灣","17.50","-1.90","19.65","20.25","17.50","1,595,000","29,522,950","1,028","17.50","32","17.55","3","50,195,754","19.25","15.75"
"3259","鑫創","17.30","-0.40","17.30","17.70","17.00","23,000","397,600","19","16.45","1","17.35","3","74,687,642","19.00","15.60"
"3260","威剛","54.50","-2.30","56.40","56.40","54.10","2,143,000","118,517,100","1,448","54.50","18","54.70","44","266,943,487","59.90","49.05"
"3264","欣銓","38.50","-1.65","40.65","40.65","38.35","4,313,000","169,709,550","2,331","38.50","22","38.55","19","490,170,076","42.35","34.65"
"3265","台星科","36.35","-2.05","38.40","38.50","36.25","859,000","31,869,500","454","36.35","4","36.40","2","136,261,659","39.95","32.75"
"3268","海德威","19.30","-1.10","20.40","20.65","19.10","87,000","1,710,150","54","19.30","2","19.40","2","33,426,272","21.20","17.40"
"3272","東碩","34.65","-3.85","39.55","39.55","34.65","2,205,000","81,993,300","1,458","0.00","0","34.65","15","54,614,302","38.10","31.20"
"3276","宇環","11.50","-0.90","12.25","12.25","11.50","149,000","1,757,200","68","11.50","3","11.75","1","69,712,666","12.65","10.35"
"3284","太普高","13.20","-0.50","13.90","13.90","13.10","62,000","828,600","46","13.20","1","13.25","6","87,961,790","14.50","11.90"
"3285","微端","18.20","-0.90","19.10","19.10","18.20","24,000","451,150","18","18.20","1","18.45","1","42,735,324","20.00","16.40"
"3287","廣寰科","11.55","-0.55","11.80","11.80","11.50","50,000","577,800","31","11.50","2","11.55","2","43,970,483","12.70","10.40"
"3288","點晶","22.65","+1.25","21.00","22.65","21.00","7,000","151,750","5","20.30","1","22.00","1","15,000,000","24.90","20.40"
"3289","宜特","61.80","-2.10","65.60","67.00","60.90","6,896,000","445,980,800","4,411","61.80","56","61.90","2","74,775,121","67.90","55.70"
"3290","東浦","19.35","-0.65","20.00","20.10","19.15","123,000","2,391,150","93","19.25","2","19.35","3","99,548,926","21.25","17.45"
"3293","鈊象","341.00","-6.00","353.50","354.00","340.50","562,000","193,476,000","469","341.00","13","341.50","5","140,900,780","375.00","307.00"
"3294","英濟","16.20","-0.95","17.20","17.40","16.15","500,000","8,287,800","244","16.20","5","16.30","3","132,015,919","17.80","14.60"
"3297","杭特","14.70","-0.75","15.45","15.45","14.60","105,000","1,561,800","78","14.70","16","14.90","3","36,049,445","16.15","13.25"
"3303","岱稜","25.15","-0.65","26.25","26.25","24.90","306,000","7,739,600","167","25.05","4","25.15","2","94,090,607","27.65","22.65"
"3306","鼎天","20.75","-1.65","22.55","22.60","20.65","360,000","7,696,250","230","20.75","4","20.80","1","50,607,702","22.80","18.70"
"3310","佳穎","38.30","-0.95","39.15","39.15","38.00","48,000","1,849,100","37","38.15","2","38.30","3","54,256,034","42.10","34.50"
"3313","斐成","9.75","-0.25","10.05","10.05","9.50","121,000","1,190,630","83","9.70","2","9.75","2","118,770,776","10.70","8.78"
"3317","尼克森","43.00","-3.85","47.05","47.05","43.00","717,000","32,023,100","445","43.00","4","43.10","1","61,251,550","47.30","38.70"
"3322","建舜電","16.15","-1.35","17.80","17.80","15.80","1,005,000","16,464,950","442","16.15","18","16.20","8","107,465,703","17.75","14.55"
"3323","加百裕","28.45","-2.00","30.60","30.80","28.45","304,000","8,953,300","172","28.20","1","28.55","1","80,305,914","31.25","25.65"
"3324","雙鴻","117.00","-5.00","121.00","123.00","116.50","1,799,000","215,163,500","1,161","117.00","73","117.50","1","88,394,092","128.50","105.50"
"3325","旭品","11.20","-0.55","11.60","11.75","11.20","248,000","2,868,000","63","11.20","6","11.25","3","84,634,579","12.30","10.10"
"3332","幸康","39.80","-0.15","39.20","39.80","39.00","5,000","196,400","4","39.30","1","39.80","2","48,104,246","43.75","35.85"
"3339","泰谷","12.45","-0.60","13.05","13.45","12.45","362,000","4,710,700","133","12.45","3","12.60","1","51,631,276","13.65","11.25"
"3349","寶德","14.25","-0.20","14.70","14.70","13.50","17,000","236,850","15","13.50","1","14.20","3","40,071,648","15.65","12.85"
"3354","律勝","12.60","-1.30","13.90","13.90","12.55","196,000","2,573,900","125","12.60","5","12.80","1","70,112,426","13.85","11.35"
"3357","臺慶科","72.50","-3.00","75.50","76.00","72.50","79,000","5,809,400","72","72.50","3","72.80","2","103,134,000","79.70","65.30"
"3360","尚立","13.15","-0.30","13.75","13.75","12.95","245,000","3,253,100","101","13.05","6","13.20","2","76,402,244","14.45","11.85"
"3362","先進光","56.00","-4.10","60.20","60.80","55.00","2,133,000","123,069,500","1,214","56.00","41","56.20","3","141,939,880","61.60","50.40"
"3363","上詮","21.60","-1.20","22.70","22.70","21.60","459,000","10,156,900","194","21.60","9","21.65","2","88,336,606","23.75","19.45"
"3372","典範","10.15","-0.50","10.75","10.75","10.10","472,000","4,840,650","222","10.10","11","10.15","9","175,450,000","11.15","9.14"
"3373","熱映","21.35","-1.65","23.20","23.25","21.20","299,000","6,541,350","222","21.35","10","21.50","1","43,289,801","23.45","19.25"
"3374","精材","85.10","-5.50","91.40","91.80","85.10","2,137,000","188,437,500","1,534","85.10","12","85.20","2","271,364,316","93.60","76.60"
"3379","彬台","11.15","-0.50","11.55","11.55","11.00","105,000","1,180,000","57","11.15","2","11.20","2","38,041,748","12.25","10.05"
"3388","崇越電","72.80","-1.50","73.50","73.50","71.60","89,000","6,430,700","66","71.80","4","73.00","1","74,061,000","80.00","65.60"
"3390","旭軟","17.05","-1.85","18.90","18.95","17.05","1,380,000","24,540,100","548","0.00","0","17.05","35","68,655,059","18.75","15.35"
"3402","漢科","38.80","-2.80","41.60","41.60","38.80","384,000","15,326,450","255","38.80","6","39.00","25","73,047,692","42.65","34.95"
"3426","台興","37.90","-0.15","38.05","38.05","37.90","2,000","75,950","2","37.60","1","38.05","3","26,400,000","41.65","34.15"
"3430","奇鈦科","42.05","-4.55","46.95","46.95","41.95","728,000","31,542,650","541","42.05","1","42.30","4","33,716,085","46.25","37.85"
"3434","哲固","20.50","-2.25","22.80","22.90","20.50","314,000","6,621,000","231","0.00","0","20.50","3","24,062,000","22.55","18.45"
"3438","類比科","44.20","-3.80","48.55","49.95","44.05","604,000","28,634,250","496","44.20","11","44.45","6","47,165,815","48.60","39.80"
"3441","聯一光","31.00","-1.55","33.50","34.70","31.00","1,709,000","56,437,850","1,148","31.00","3","31.20","3","40,039,920","34.10","27.90"
"3444","利機","53.00","-3.80","56.90","57.10","52.90","287,000","15,686,700","224","53.00","21","54.20","1","39,114,586","58.30","47.70"
"3455","由田","74.10","-6.50","80.60","80.90","73.90","1,040,000","79,342,600","779","74.10","8","74.40","1","59,850,750","81.50","66.70"
"3465","進泰電子","88.30","-4.60","90.00","90.00","86.00","33,000","2,934,600","32","88.30","1","89.00","1","32,329,862","97.10","79.50"
"3466","致振","21.45","-0.55","21.60","21.80","20.00","629,000","13,010,350","296","20.90","1","21.45","1","60,887,573","23.55","19.35"
"3479","安勤","52.30","-4.00","56.40","56.50","52.30","605,000","32,808,400","432","52.30","19","52.60","3","71,162,164","57.50","47.10"
"3483","力致","44.00","-2.85","46.85","46.85","43.80","515,000","23,194,300","327","44.00","4","44.05","7","78,001,485","48.40","39.60"
"3484","崧騰","39.80","-3.10","43.10","43.15","39.60","346,000","14,086,600","221","39.70","3","39.80","1","69,736,557","43.75","35.85"
"3489","森寶","9.83","-0.32","10.05","10.05","9.36","88,000","852,580","58","9.80","1","9.83","6","83,130,670","10.80","8.85"
"3490","單井","23.30","-0.60","24.05","24.25","23.00","385,000","9,125,500","200","23.30","1","23.40","1","57,006,435","25.60","21.00"
"3491","昇達科","116.00","-9.00","124.50","124.50","116.00","2,436,000","292,167,000","1,625","116.00","17","117.00","49","62,158,662","127.50","104.50"
"3492","長盛","16.10","-1.55","17.30","17.30","16.00","154,000","2,541,000","90","16.10","11","16.15","4","35,531,600","17.70","14.50"
"3498","陽程","24.00","-1.35","25.50","25.50","24.00","220,000","5,427,850","153","24.00","2","24.10","1","62,873,008","26.40","21.60"
"3499","環天科","13.25","-1.20","14.45","14.45","13.10","347,000","4,715,550","220","13.15","3","13.25","1","54,970,596","14.55","11.95"
"3508","位速","27.20","-2.85","30.15","30.25","27.05","1,069,000","29,962,750","747","27.15","13","27.20","4","102,141,737","29.90","24.50"
"3511","矽瑪","31.95","-2.90","35.05","35.10","31.95","1,714,000","56,778,550","1,044","31.95","1","32.00","4","79,972,945","35.10","28.80"
"3512","皇龍","28.10","-0.65","28.55","28.70","27.70","56,000","1,574,500","36","28.00","5","28.45","1","84,000,000","30.90","25.30"
"3516","亞帝歐","16.75","-0.35","16.65","17.05","16.35","199,000","3,367,700","33","16.55","2","16.75","13","50,590,216","18.40","15.10"
"3520","華盈","16.85","-1.65","18.55","18.75","16.70","2,209,000","38,569,850","1,104","16.85","1","16.95","5","68,846,778","18.50","15.20"
"3521","鴻翊","24.55","-0.45","25.10","25.15","23.45","1,733,000","42,047,500","934","24.55","45","24.70","4","51,439,322","27.00","22.10"
"3522","御頂","10.35","+0.10","10.90","10.90","10.35","11,000","117,450","7","10.30","2","10.55","2","42,525,000","11.35","9.32"
"3523","迎輝","19.50","-0.20","19.70","19.80","19.00","105,000","2,051,550","41","19.50","1","19.70","3","61,829,868","21.45","17.55"
"3526","凡甲","111.00","-4.50","115.50","116.50","109.00","1,140,000","128,070,000","856","110.50","1","111.00","5","58,988,776","122.00","99.90"
"3527","聚積","85.80","-6.20","92.00","92.60","85.80","404,000","35,665,400","306","85.80","3","86.10","6","44,445,125","94.30","77.30"
"3529","力旺","992.00","-23.00","1,030.00","1,070.00","985.00","2,155,000","2,209,645,000","1,993","992.00","7","993.00","10","76,184,442","1,090.00","893.00"
"3531","先益","25.65","-1.50","27.90","27.90","25.20","343,000","9,037,950","196","25.65","3","25.75","1","61,175,011","28.20","23.10"
"3537","堡達","32.90","-0.70","33.50","33.50","32.90","70,000","2,312,350","60","32.95","2","33.00","1","53,564,742","36.15","29.65"
"3540","曜越","20.55","-1.55","22.00","22.00","20.40","126,000","2,647,400","75","20.55","1","20.65","1","73,066,548","22.60","18.50"
"3541","西柏","49.95","-2.95","52.90","52.90","49.95","268,000","13,699,450","183","49.90","11","49.95","1","56,787,142","54.90","45.00"
"3546","宇峻","68.20","-3.50","71.90","72.00","68.20","247,000","17,191,400","210","68.20","3","69.00","2","48,177,548","75.00","61.40"
"3548","兆利","53.50","-2.50","55.70","56.30","53.20","377,000","20,401,000","230","53.40","1","53.50","1","60,121,398","58.80","48.15"
"3551","世禾","50.20","-2.50","52.20","52.20","50.10","194,000","9,893,700","121","50.20","5","50.80","3","56,774,890","55.20","45.20"
"3552","同致","144.00","-12.00","154.50","155.50","142.00","5,437,000","805,741,000","3,615","143.50","64","144.00","72","85,592,949","158.00","130.00"
"3555","重鵬","22.20","-0.80","23.60","24.00","21.60","18,000","399,250","14","21.55","1","22.30","1","25,762,797","24.40","20.00"
"3556","禾瑞亞","49.00","-1.50","50.20","50.60","49.00","322,000","16,044,500","278","49.00","6","49.20","1","63,702,844","53.90","44.10"
"3558","神準","180.50","-15.00","195.50","197.00","179.00","6,983,000","1,313,087,500","4,959","180.00","113","181.00","1","49,060,881","198.50","162.50"
"3564","其陽","26.10","-2.05","27.80","27.85","25.75","203,000","5,475,350","141","26.10","6","26.25","2","59,123,100","28.70","23.50"
"3567","逸昌","24.70","-0.45","25.00","25.00","24.00","57,000","1,407,900","46","24.50","1","24.70","1","34,127,000","27.15","22.25"
"3570","大塚","86.00","+1.20","85.10","86.30","84.00","34,000","2,900,400","32","83.20","1","85.80","2","17,097,000","94.60","77.40"
"3577","泓格","67.50","-1.50","69.00","69.30","67.00","29,000","1,968,600","27","67.50","1","68.00","2","58,150,594","74.20","60.80"
"3580","友威科","52.20","-5.50","58.60","58.90","52.00","1,228,000","66,150,500","745","52.10","2","52.20","1","39,470,657","57.40","47.00"
"3581","博磊","18.60","-1.70","20.10","20.10","18.30","45,000","847,100","42","18.55","1","18.60","3","51,006,000","20.45","16.75"
"3587","閎康","112.50","-5.50","120.00","122.50","112.00","2,388,000","279,733,000","1,725","112.50","3","113.00","9","62,313,157","123.50","101.50"
"3594","磐儀","24.15","-2.50","26.70","26.85","24.05","3,235,000","81,405,000","1,739","24.15","2","24.25","1","95,439,358","26.55","21.75"
"3597","映興","22.80","-0.70","23.65","24.00","22.80","71,000","1,652,950","46","22.80","2","23.10","16","39,146,150","25.05","20.55"
"3609","三一東林","47.10","+0.05","46.25","47.10","46.25","16,000","751,600","14","47.00","1","47.10","1","35,279,387","51.80","42.40"
"3611","鼎翰","183.50","0.00","188.00","188.00","183.50","34,000","6,248,500","33","184.00","3","184.50","1","42,507,440","201.50","165.50"
"3615","安可","14.65","-1.00","15.50","15.50","14.65","284,000","4,240,950","94","14.65","2","14.95","1","68,466,976","16.10","13.20"
"3623","富晶通","13.90","-1.10","14.75","15.05","13.75","225,000","3,271,200","85","13.90","1","13.95","2","29,185,946","15.25","12.55"
"3624","光頡","36.80","-3.25","40.30","40.40","36.75","1,838,000","69,958,350","1,293","36.80","4","36.85","41","117,340,842","40.45","33.15"
"3625","西勝","14.35","-0.70","15.05","15.05","13.60","400,000","5,677,000","209","14.05","1","14.35","6","114,131,382","15.75","12.95"
"3628","盈正","34.55","-1.75","36.35","36.35","34.40","87,000","3,067,750","79","34.40","2","34.65","1","45,000,000","38.00","31.10"
"3629","地心引力","39.60","-2.25","39.10","39.60","39.10","5,000","197,350","5","38.50","1","40.50","1","33,607,455","43.55","35.65"
"3630","新鉅科","24.30","-2.00","26.50","26.55","24.20","419,000","10,536,250","272","24.30","1","24.35","4","184,191,848","26.70","21.90"
"3631","晟楠","29.70","-0.50","30.15","31.05","29.70","15,000","452,550","15","29.65","1","30.30","1","81,820,909","32.65","26.75"
"3632","研勤","9.68","+0.03","9.87","9.88","9.68","10,000","98,160","9","9.69","1","9.86","1","40,889,738","10.60","8.72"
"3642","駿熠電","5.12","-0.51","5.63","5.63","5.11","17,000","91,950","10","5.12","1","5.50","2","45,868,642","5.63","4.61"
"3646","艾恩特","20.80","0.00","20.50","20.80","20.20","225,000","4,598,600","168","20.50","5","20.85","1","39,297,371","22.85","18.75"
"3663","鑫科","23.50","-1.65","24.85","24.85","23.30","239,000","5,731,000","136","23.45","6","23.60","1","73,498,057","25.85","21.15"
"3664","安瑞-KY","10.60","-1.00","11.90","11.90","10.45","417,000","4,489,400","209","10.60","7","10.70","1","51,111,294","11.65","9.54"
"3666","光耀","17.00","-1.85","18.55","19.00","17.00","361,000","6,337,250","255","0.00","0","17.00","7","58,689,850","18.70","15.30"
"3672","康聯訊","26.35","0.00","25.70","26.35","24.70","59,000","1,508,700","37","26.35","3","26.95","1","31,790,375","28.95","23.75"
"3675","德微","163.00","-15.00","179.50","181.00","163.00","2,175,000","372,936,000","1,715","163.00","7","164.50","1","44,428,250","179.00","147.00"
"3680","家登","219.00","-8.00","230.00","230.00","215.00","3,186,000","709,836,000","2,593","218.00","15","219.00","3","84,097,270","240.50","197.50"
"3684","榮昌","51.40","-3.30","53.80","53.80","51.40","248,000","12,870,200","89","51.40","5","52.10","1","24,591,536","56.50","46.30"
"3685","元創精密","19.30","-2.00","21.25","21.30","19.20","781,000","15,369,650","437","19.20","11","19.35","4","79,574,000","21.20","17.40"
"3687","歐買尬","66.30","-5.60","73.50","74.00","66.20","311,000","21,493,100","262","66.30","2","66.80","6","30,059,572","72.90","59.70"
"3689","湧德","28.75","-1.75","30.40","30.80","28.70","726,000","21,233,200","373","28.75","1","28.85","1","77,230,146","31.60","25.90"
"3691","碩禾","98.00","-7.50","106.00","107.00","98.00","596,000","60,759,900","449","98.00","12","98.90","8","91,883,420","107.50","88.20"
"3693","營邦","65.60","-7.20","73.50","75.00","65.60","1,897,000","131,799,800","1,379","0.00","0","65.60","52","38,490,694","72.10","59.10"
"3707","漢磊","83.00","-7.00","90.50","91.60","82.10","10,419,000","900,777,600","6,766","83.00","19","83.10","9","333,203,470","91.30","74.70"
"3709","鑫聯大投控","20.25","-1.15","21.40","21.40","20.20","61,000","1,240,600","34","20.25","2","20.75","1","100,569,450","22.25","18.25"
"3710","連展投控","11.15","-1.10","12.35","12.35","11.05","6,493,000","74,345,750","2,005","11.15","17","11.20","45","287,250,734","12.25","10.05"
"3713","新晶投控","27.00","-1.35","27.60","28.10","27.00","103,000","2,831,550","83","27.00","1","27.05","1","78,090,000","29.70","24.30"
"4102","永日","23.95","-1.70","25.70","25.80","23.50","1,583,000","39,135,100","729","23.95","18","24.00","1","42,373,443","26.30","21.60"
"4105","東洋","71.70","-2.00","73.70","73.70","71.00","761,000","54,831,000","551","71.70","18","71.80","3","248,649,959","78.80","64.60"
"4107","邦特","107.50","-5.50","112.50","113.00","107.00","345,000","37,658,000","267","107.00","10","107.50","6","69,298,336","118.00","96.80"
"4109","加捷生醫","14.55","-0.35","14.80","14.80","14.40","391,000","5,711,300","148","14.55","2","14.60","18","88,936,681","16.00","13.10"
"4111","濟生","22.80","-0.75","23.40","23.40","22.80","229,000","5,257,850","122","22.80","13","22.85","12","56,982,985","25.05","20.55"
"4113","聯上","11.65","-0.30","12.00","12.00","11.65","400,000","4,705,800","108","11.65","12","11.70","3","211,138,137","12.80","10.50"
"4114","健喬","32.40","-2.30","34.55","34.80","32.35","6,719,000","223,420,750","3,114","32.35","5","32.40","4","343,700,724","35.60","29.20"
"4116","明基醫","52.20","-2.80","55.40","56.00","51.40","1,104,000","58,843,700","718","52.10","2","52.50","1","44,566,000","57.40","47.00"
"4120","友華","35.40","-0.15","35.60","35.65","34.55","148,000","5,235,500","95","35.30","2","35.50","1","86,747,119","38.90","31.90"
"4121","優盛","19.15","-0.75","19.95","20.00","19.00","868,000","16,840,500","487","19.15","2","19.20","1","84,929,145","21.05","17.25"
"4123","晟德","45.15","-1.60","47.55","47.55","45.10","1,179,000","54,229,400","635","45.10","6","45.20","1","594,755,996","49.65","40.65"
"4126","太醫","66.70","-0.10","66.60","66.70","66.00","44,000","2,918,100","39","66.00","3","66.80","4","72,600,000","73.30","60.10"
"4127","天良","13.10","-0.45","13.60","13.85","12.80","265,000","3,512,150","121","13.10","2","13.15","1","45,760,000","14.40","11.80"
"4128","中天","58.50","-3.40","62.10","62.20","57.20","11,292,000","669,569,500","6,055","58.40","14","58.50","6","511,097,148","64.30","52.70"
"4129","聯合","30.05","-1.00","31.15","31.40","29.90","187,000","5,710,900","139","30.05","1","30.10","1","78,111,600","33.05","27.05"
"4129A","聯合甲特","44.95","-0.95","45.30","45.30","44.95","16,000","724,150","8","44.90","1","45.50","4","10,000,000","49.40","40.50"
"4130","健亞","21.60","-1.60","23.20","23.25","21.60","522,000","11,598,950","301","21.60","2","21.70","1","109,375,851","23.75","19.45"
"4131","晶宇","19.65","-1.60","21.20","21.20","19.40","17,000","343,500","13","19.70","2","22.60","1","19,000,000","21.60","17.70"
"4138","曜亞","57.10","-1.40","58.00","58.00","57.00","40,000","2,297,100","36","57.10","1","57.30","1","30,000,000","62.80","51.40"
"4139","馬光-KY","47.15","-1.30","48.50","48.60","46.85","104,000","4,985,700","97","47.00","2","47.15","2","42,549,911","51.80","42.45"
"4147","中裕","55.10","-4.10","58.80","58.90","54.60","1,261,000","71,177,200","790","55.00","6","55.10","11","252,370,000","60.60","49.60"
"4153","鈺緯","25.90","-1.45","27.00","27.00","25.80","197,000","5,194,100","123","25.85","4","25.90","1","61,759,089","28.45","23.35"
"4154","樂威科-KY","45.10","-0.05","45.15","45.20","45.00","37,000","1,666,200","18","45.00","4","45.20","4","35,720,000","49.60","40.60"
"4157","太景*-KY","14.05","-0.90","15.00","15.00","14.00","2,583,000","37,171,150","1,019","14.05","19","14.10","68","716,844,175","15.45","12.65"
"4160","創源","23.30","-0.55","23.75","24.15","23.30","19,000","450,400","18","23.20","2","24.05","1","24,247,016","25.60","21.00"
"4161","聿新科","23.55","-0.70","24.50","24.50","23.00","77,000","1,801,750","65","23.35","2","23.60","3","51,729,736","25.90","21.20"
"4162","智擎","97.30","-9.70","107.00","107.50","96.40","15,786,000","1,597,313,200","9,103","97.30","11","97.60","4","145,686,840","107.00","87.60"
"4163","鐿鈦","90.10","-4.50","94.10","94.10","89.80","332,000","30,179,400","201","90.10","1","90.20","4","48,290,143","99.10","81.10"
"4167","松瑞藥","16.00","-1.00","17.00","17.00","15.80","1,198,000","19,481,900","582","15.95","23","16.00","31","317,020,607","17.60","14.40"
"4168","醣聯","27.15","-2.15","29.80","29.80","27.15","4,897,000","137,494,150","2,167","27.15","7","27.20","10","101,972,810","29.85","24.45"
"4171","瑞基","46.15","-4.05","50.30","50.30","46.00","717,000","34,424,050","521","46.10","3","46.25","1","45,965,975","50.70","41.55"
"4173","久裕","16.60","-0.60","17.20","17.25","16.60","214,000","3,602,400","131","16.55","3","16.60","2","74,574,355","18.25","14.95"
"4174","浩鼎","66.90","-3.30","72.40","72.40","66.80","813,000","55,498,600","589","66.90","1","67.00","1","229,279,374","73.50","60.30"
"4175","杏一","69.00","-1.20","70.50","70.50","68.80","48,000","3,338,900","45","69.00","1","69.10","4","35,391,070","75.90","62.10"
"4183","福永生技","----","---","----","----","----","0","0","0","17.35","1","18.00","1","23,800,000","19.80","16.20"
"4188","安克","15.30","-0.30","16.05","16.05","15.20","15,000","232,550","12","15.10","2","15.30","4","53,221,400","16.80","13.80"
"4192","杏國","26.25","-1.35","27.60","27.60","26.20","89,000","2,393,700","55","26.20","2","26.25","1","115,077,000","28.85","23.65"
"4198","欣大健康","24.50","-2.70","24.50","24.50","24.50","3,000","73,500","2","24.50","4","26.80","1","16,108,000","26.95","22.05"
"4205","中華食","99.10","-1.40","101.00","101.00","98.90","13,000","1,295,300","13","99.80","1","100.50","3","88,772,026","109.00","89.20"
"4207","環泰","11.85","-0.30","12.10","12.10","11.70","239,000","2,843,750","97","11.85","3","11.90","5","175,868,552","13.00","10.70"
"4303","信立","14.75","-1.05","16.20","16.20","14.60","398,000","5,971,000","193","14.70","10","14.75","3","67,500,000","16.20","13.30"
"4304","勝昱","8.90","-0.62","9.54","9.54","8.82","184,000","1,677,680","106","8.85","7","8.95","1","36,038,065","9.79","8.01"
"4305","世坤","29.45","-0.45","29.45","29.45","29.45","2,000","58,900","2","29.15","1","29.40","1","55,014,000","32.35","26.55"
"4401","東隆興","26.85","-0.40","27.25","27.55","26.40","60,000","1,597,550","43","26.85","1","26.90","4","122,692,012","29.50","24.20"
"4402","福大","10.15","-0.80","10.70","11.10","10.15","753,000","7,923,750","358","10.15","19","10.35","2","45,991,830","11.15","9.14"
"4406","新昕纖","10.45","-0.20","10.80","10.80","10.45","40,000","425,600","23","10.45","2","10.50","1","51,912,000","11.45","9.41"
"4413","飛寶企業","14.00","-1.15","15.20","15.25","13.75","151,000","2,172,000","91","13.95","1","14.00","2","31,314,689","15.40","12.60"
"4416","三圓","79.30","-0.30","78.30","79.30","77.20","5,000","391,300","4","78.30","2","78.90","1","61,863,379","87.20","71.40"
"4417","金洲","33.95","-0.95","35.05","35.05","33.65","222,000","7,567,600","102","33.90","3","34.30","1","83,971,399","37.30","30.60"
"4419","元勝","----","---","----","----","----","0","0","0","0.00","0","0.00","0","46,578,917","10.05","8.24"
"4420","光明","29.10","0.00","29.70","29.70","29.10","12,000","353,150","10","29.00","4","29.45","1","40,455,000","32.00","26.20"
"4430","耀億","21.70","-0.85","21.65","22.35","21.55","13,000","283,700","12","21.45","1","22.30","8","56,273,609","23.85","19.55"
"4432","銘旺實","20.95","-2.00","22.55","22.65","20.80","736,000","15,805,300","454","20.95","4","21.00","1","50,589,000","23.00","18.90"
"4433","興采","29.45","-1.50","31.70","31.70","29.45","90,000","2,706,650","66","29.45","1","29.75","6","61,151,991","32.35","26.55"
"4502","健信","37.90","-0.90","37.80","38.65","37.80","7,000","266,250","7","37.90","1","38.65","1","58,111,686","41.65","34.15"
"4503","金雨","31.95","-3.35","35.30","35.30","31.80","882,000","29,156,650","496","31.95","1","32.00","17","47,863,326","35.10","28.80"
"4506","崇友","71.70","-2.20","73.90","73.90","69.60","132,000","9,462,300","122","71.10","3","71.80","1","177,012,000","78.80","64.60"
"4510","高鋒","9.96","-0.24","10.20","10.20","9.96","169,000","1,701,150","62","9.95","9","9.96","7","108,010,689","10.95","8.97"
"4513","福裕","25.60","-0.35","26.00","26.00","25.25","344,000","8,826,600","183","25.60","3","25.70","1","76,880,300","28.15","23.05"
"4523","永彰","27.15","+0.10","27.70","27.70","26.35","42,000","1,137,200","38","26.75","2","27.20","2","64,000,000","29.85","24.45"
"4527","方土霖","26.05","-0.30","26.25","26.30","26.00","105,000","2,745,600","29","26.05","1","26.25","9","76,152,370","28.65","23.45"
"4528","江興鍛","31.70","-0.25","32.55","32.55","30.80","18,000","565,050","15","31.45","2","31.70","2","84,165,695","34.85","28.55"
"4529","淳紳","9.67","-0.33","10.00","10.15","9.67","58,000","570,560","46","9.66","2","9.90","6","84,589,896","10.60","8.71"
"4530","宏易","5.90","-0.29","6.24","6.29","5.85","41,000","248,810","26","5.86","1","5.97","2","49,437,276","6.49","5.31"
"4533","協易機","11.35","0.00","11.25","11.40","10.90","1,445,000","16,196,500","580","11.30","21","11.35","34","158,434,110","12.45","10.25"
"4534","慶騰","8.42","-0.34","8.80","9.00","8.40","112,000","957,750","94","8.42","2","8.57","1","86,788,948","9.26","7.58"
"4535","至興","38.95","-0.05","39.50","39.50","38.80","8,000","311,650","8","38.80","5","38.95","1","75,661,740","42.80","35.10"
"4538","大詠城","18.15","-1.20","19.50","19.50","18.15","35,000","651,400","24","18.10","3","18.45","1","50,456,000","19.95","16.35"
"4541","晟田","26.10","-1.60","27.70","27.75","26.00","1,165,000","31,025,600","586","26.10","1","26.15","9","67,647,068","28.70","23.50"
"4542","科嶠","23.30","-0.50","24.00","24.00","23.30","4,000","94,050","4","22.50","1","23.75","1","32,285,400","25.60","21.00"
"4543","萬在","21.50","-1.25","23.00","23.10","21.15","696,000","15,211,300","454","21.40","4","21.50","10","56,970,000","23.65","19.35"
"4549","桓達","88.00","-1.80","90.40","90.40","87.40","69,000","6,112,000","58","87.40","5","88.50","1","49,359,434","96.80","79.20"
"4550","長佳","20.80","-0.45","21.25","21.25","20.80","18,000","378,050","16","20.85","2","20.90","5","37,838,783","22.85","18.75"
"4554","橙的","26.70","-1.60","27.25","27.25","25.70","106,000","2,776,700","66","26.70","2","26.75","1","23,298,641","29.35","24.05"
"4556","旭然","----","---","----","----","----","0","0","0","30.25","2","31.15","1","41,884,000","34.25","28.05"
"4558","寶緯","22.65","-1.80","24.00","24.40","22.05","33,000","748,350","32","22.20","1","22.70","1","50,000,000","24.90","20.40"
"4561","健椿","22.80","-0.45","23.25","23.60","22.60","17,000","389,150","13","22.80","1","23.15","3","58,521,619","25.05","20.55"
"4563","百德","30.80","-0.70","31.50","31.50","29.90","15,000","462,300","13","30.70","1","30.80","2","54,950,000","33.85","27.75"
"4568","科際精密","61.80","-1.70","62.00","62.00","61.80","6,000","371,600","5","61.70","2","63.00","2","32,105,125","67.90","55.70"
"4577","達航科技","27.55","-2.20","29.70","29.70","27.55","99,000","2,816,750","82","27.60","6","27.80","1","48,992,998","30.30","24.80"
"4580","捷流閥業","82.70","-2.30","84.60","86.00","82.70","138,000","11,540,700","110","82.70","1","83.30","1","43,132,000","90.90","74.50"
"4584","君帆","46.05","-1.20","47.25","47.25","46.00","186,000","8,658,950","85","46.05","4","46.45","1","27,780,000","50.60","41.45"
"4609","唐鋒","8.05","-0.42","8.05","8.78","7.95","19,000","153,530","14","7.79","1","8.05","1","47,946,820","8.85","7.25"
"4702","中美實","11.65","-0.70","12.55","12.55","11.45","455,000","5,397,950","219","11.50","2","11.70","39","72,333,200","12.80","10.50"
"4706","大恭","16.80","-0.20","16.80","16.90","16.80","7,000","117,700","7","16.70","3","16.90","15","79,030,093","18.45","15.15"
"4707","磐亞","11.45","-0.30","11.75","11.75","11.40","863,000","9,963,300","417","11.45","14","11.50","18","352,628,253","12.55","10.35"
"4711","永純","13.75","-0.55","14.15","14.20","13.60","78,000","1,093,400","44","13.70","1","14.00","2","61,056,000","15.10","12.40"
"4712","南璋","4.16","0.00","4.16","4.16","4.16","2,000","8,320","1","4.09","3","4.50","2","73,690,737","4.57","3.75"
"4714","永捷","10.40","-0.50","10.90","10.90","10.15","200,000","2,121,650","106","10.40","2","10.50","5","139,463,818","11.40","9.36"
"4716","大立","12.35","-0.05","12.40","12.40","12.00","167,000","2,026,500","107","12.20","2","12.35","16","84,904,446","13.55","11.15"
"4721","美琪瑪","94.50","-10.50","105.50","106.00","94.50","3,046,000","296,812,400","2,151","0.00","0","94.50","162","74,986,304","103.50","85.10"
"4726","永昕","35.30","-1.55","38.00","38.35","35.00","2,632,000","96,624,700","1,610","35.30","24","35.35","14","155,300,000","38.80","31.80"
"4728","雙美","148.00","+2.00","149.50","154.50","147.00","133,000","20,109,000","110","148.00","1","148.50","1","54,463,000","162.50","133.50"
"4729","熒茂","12.75","-0.90","13.65","13.65","12.65","40,000","520,100","29","12.85","1","12.90","2","77,726,741","14.00","11.50"
"4735","豪展","32.45","-1.00","33.25","33.25","32.45","32,000","1,050,400","28","32.30","3","32.45","1","36,768,758","35.65","29.25"
"4736","泰博","159.00","-7.50","167.50","167.50","159.00","784,000","127,904,500","612","159.00","34","159.50","1","94,304,037","174.50","143.50"
"4741","泓瀚","24.95","-0.55","25.70","25.70","24.95","4,000","101,100","4","24.65","2","25.30","2","32,841,584","27.40","22.50"
"4743","合一","234.50","-17.50","252.00","255.50","230.00","14,910,000","3,611,260,000","10,410","234.50","76","235.00","4","388,705,588","257.50","211.50"
"4744","皇將","23.70","-1.40","25.05","25.45","23.70","167,000","4,109,250","81","23.65","2","23.70","20","46,013,812","26.05","21.35"
"4745","合富-KY","23.45","-1.00","24.30","24.30","23.45","22,000","523,150","18","23.45","2","23.75","1","77,449,547","25.75","21.15"
"4747","強生","31.00","-0.20","31.30","31.30","31.00","24,000","745,900","21","31.00","1","31.25","3","30,018,750","34.10","27.90"
"4754","國碳科","34.25","-0.50","34.60","35.10","34.25","17,000","587,950","16","34.30","14","34.75","1","27,530,196","37.65","30.85"
"4760","勤凱","44.70","-0.70","46.25","46.25","43.55","54,000","2,407,450","54","44.30","2","44.70","2","31,800,908","49.15","40.25"
"4767","誠泰科技","25.35","-0.65","25.35","25.50","25.35","6,000","152,550","6","25.35","1","25.55","2","31,415,000","27.85","22.85"
"4768","晶呈科技","165.00","-15.50","184.00","185.50","165.00","1,480,000","260,118,000","1,235","165.00","13","169.00","1","36,926,657","181.50","148.50"
"4804","大略-KY","9.70","-0.50","10.15","10.30","9.40","308,000","3,055,680","164","9.70","1","9.78","2","45,347,920","10.65","8.73"
"4806","昇華","8.30","-0.15","8.43","8.70","8.11","7,000","58,230","5","8.10","1","8.30","4","54,194,185","9.13","7.47"
"4903","聯光通","9.44","-0.26","10.05","10.05","9.40","71,000","677,930","47","9.40","8","9.59","2","100,279,327","10.35","8.50"
"4905","台聯電","50.60","-1.40","50.60","50.60","50.60","1,000","50,600","1","51.30","2","51.90","1","29,260,044","55.60","45.55"
"4907","富宇","23.50","-0.80","24.10","24.20","23.15","45,000","1,065,950","41","23.40","1","23.50","8","118,145,778","25.85","21.15"
"4908","前鼎","30.35","-1.80","32.60","32.60","30.00","505,000","15,592,450","332","30.35","3","30.60","1","78,216,907","33.35","27.35"
"4909","新復興","15.90","-0.45","16.35","16.35","15.55","179,000","2,822,200","90","15.60","10","16.10","6","93,356,864","17.45","14.35"
"4911","德英","51.40","-4.20","55.60","55.60","50.50","312,000","16,198,600","227","50.90","1","51.40","2","55,660,000","56.50","46.30"
"4923","力士","42.00","-2.15","43.50","43.50","41.50","28,000","1,180,400","28","41.50","1","42.50","1","28,334,000","46.20","37.80"
"4924","欣厚-KY","13.35","-0.25","13.55","13.75","13.20","17,000","228,300","10","13.15","2","13.35","4","37,164,409","14.65","12.05"
"4931","新盛力","40.00","-4.25","44.10","44.20","40.00","20,003,000","840,150,500","10,606","40.00","110","40.10","2","64,161,761","44.00","36.00"
"4933","友輝","28.70","-1.05","29.75","29.75","28.30","59,000","1,711,700","38","28.60","1","28.70","14","80,102,675","31.55","25.85"
"4939","亞電","14.65","-0.70","15.50","15.50","14.50","333,000","5,004,100","107","14.65","2","14.70","5","98,200,868","16.10","13.20"
"4944","兆遠","16.00","-1.60","16.90","16.90","16.00","5,000","82,200","5","15.90","1","16.90","1","43,914,210","17.60","14.40"
"4945","陞達科技","41.40","-3.20","44.20","44.20","41.40","56,000","2,383,750","48","41.35","1","41.45","5","30,036,800","45.50","37.30"
"4946","辣椒","39.50","-3.85","43.35","43.35","39.50","54,000","2,225,650","44","39.45","2","39.95","4","13,982,398","43.45","35.55"
"4950","牧東","21.80","-0.20","21.95","21.95","20.90","317,000","6,786,700","72","21.80","27","21.85","13","46,759,750","23.95","19.65"
"4953","緯軟","76.00","-3.50","78.70","78.70","75.90","150,000","11,588,200","119","76.00","2","76.20","4","67,152,301","83.60","68.40"
"4966","譜瑞-KY","633.00","-24.00","663.00","674.00","629.00","1,450,000","944,337,000","1,297","633.00","6","635.00","28","81,196,188","696.00","570.00"
"4971","IET-KY","58.40","-2.60","60.30","60.50","57.50","217,000","12,736,900","136","58.10","2","58.40","1","36,510,943","64.20","52.60"
"4972","湯石照明","29.95","-0.20","30.15","30.15","29.95","26,000","779,950","20","29.95","1","30.05","2","39,373,803","32.90","27.00"
"4973","廣穎","18.10","-1.80","19.85","19.85","18.10","157,000","3,004,200","81","18.10","2","18.65","1","63,505,833","19.90","16.30"
"4974","亞泰","51.70","-1.90","53.30","53.30","51.40","209,000","10,860,100","159","51.70","2","51.80","1","72,500,104","56.80","46.55"
"4979","華星光","30.35","-2.85","33.50","33.50","29.90","2,499,000","78,067,100","1,492","30.30","5","30.35","2","132,357,794","33.35","27.35"
"4987","科誠","53.70","-0.20","53.50","53.70","52.80","46,000","2,446,300","28","53.70","3","53.80","1","31,878,000","59.00","48.35"
"4991","環宇-KY","37.30","-0.30","37.60","37.60","36.40","90,000","3,334,700","51","37.25","2","38.00","1","110,842,067","41.00","33.60"
"4995","晶達","35.90","+0.20","35.65","36.30","35.40","32,000","1,138,800","24","35.70","3","35.90","1","41,908,036","39.45","32.35"
"5009","榮剛","29.35","-1.50","31.10","31.20","29.30","18,330,000","547,846,300","6,846","29.30","210","29.35","42","456,735,991","32.25","26.45"
"5011","久陽","20.25","-1.40","21.95","21.95","20.20","745,000","15,614,400","335","20.20","19","20.25","2","99,410,035","22.25","18.25"
"5013","強新","33.25","-1.00","34.00","34.20","33.25","32,000","1,085,650","11","33.35","2","33.65","1","133,416,000","36.55","29.95"
"5014","建錩","12.15","-1.35","13.60","13.60","12.15","1,688,000","21,255,200","655","12.15","27","12.20","33","185,333,054","13.35","10.95"
"5015","華祺","56.80","-1.80","58.60","59.00","56.50","199,000","11,407,100","118","56.80","3","57.00","3","60,639,189","62.40","51.20"
"5016","松和","28.70","-0.55","29.15","29.15","28.00","25,000","721,700","25","28.60","2","28.85","3","49,622,076","31.55","25.85"
"5201","凱衛","29.05","+0.95","29.05","29.05","29.05","12,000","348,600","1","28.05","1","28.30","1","30,674,600","31.95","26.15"
"5202","力新","15.85","-0.35","15.75","16.20","15.75","25,000","398,500","20","15.65","1","15.85","4","89,094,000","17.40","14.30"
"5205","中茂","35.15","-2.25","37.65","37.65","35.15","15,000","542,000","11","35.15","2","36.50","2","10,250,000","38.65","31.65"
"5206","坤悅","13.80","-0.10","13.75","13.90","13.60","53,000","726,500","20","13.60","5","13.85","1","155,925,000","15.15","12.45"
"5209","新鼎","69.00","-2.40","71.80","71.80","69.00","40,000","2,798,000","29","68.00","1","69.40","5","27,760,750","75.90","62.10"
"5210","寶碩","15.90","-0.90","16.40","16.50","15.85","59,000","950,850","46","15.90","2","16.00","6","62,177,779","17.45","14.35"
"5211","蒙恬","17.10","-1.20","18.30","18.30","17.10","301,000","5,347,500","169","17.10","5","17.15","2","32,024,727","18.80","15.40"
"5212","凌網","35.00","-1.00","35.50","35.50","35.00","6,000","210,500","6","34.10","1","35.45","1","34,633,000","38.50","31.50"
"5213","亞昕","21.10","+0.10","20.90","21.20","20.70","318,000","6,643,250","135","21.05","8","21.15","8","425,676,681","23.20","19.00"
"5220","萬達光電","28.15","-0.35","28.45","28.90","28.15","6,000","170,050","6","28.10","2","28.45","1","39,667,000","30.95","25.35"
"5223","安力-KY","36.90","-0.65","39.05","39.05","36.50","31,000","1,145,750","30","36.50","1","37.05","2","44,549,781","40.55","33.25"
"5227","立凱-KY","65.10","-5.80","70.90","70.90","64.10","2,126,000","143,428,200","1,613","65.10","31","65.40","1","70,000,000","71.60","58.60"
"5228","鈺鎧","20.00","-1.80","22.15","22.15","20.00","374,000","7,911,350","181","20.00","23","20.70","1","38,056,253","22.00","18.00"
"5230","雷笛克光學","23.20","-0.15","23.15","23.50","22.70","52,000","1,191,900","32","23.15","2","23.25","1","46,955,824","25.50","20.90"
"5236","凌陽創新","59.30","-5.80","65.60","65.60","59.30","229,000","14,219,800","201","59.30","2","60.10","1","58,500,094","65.20","53.40"
"5245","智晶","50.10","-5.40","56.00","56.00","49.95","555,000","29,071,500","298","50.00","3","50.10","9","44,990,000","55.10","45.10"
"5251","天鉞電","22.85","-1.50","24.45","24.65","22.05","1,678,000","38,932,750","952","22.85","26","22.90","15","35,695,377","25.10","20.60"
"5263","智崴","104.50","-4.00","108.50","108.50","104.50","174,000","18,480,000","141","104.50","2","105.50","3","61,421,556","114.50","94.10"
"5272","笙科","22.90","-1.75","24.65","25.50","22.90","533,000","12,699,600","306","22.85","3","23.00","3","55,973,118","25.15","20.65"
"5274","信驊","1,665.00","-20.00","1,700.00","1,745.00","1,660.00","760,000","1,288,460,000","704","1,660.00","9","1,670.00","1","37,887,079","1,830.00","1,500.00"
"5276","達輝-KY","14.10","+0.05","13.65","14.10","13.65","2,000","27,750","2","13.50","2","13.80","1","39,500,000","15.50","12.70"
"5278","尚凡","155.50","-6.50","161.00","161.00","155.50","13,000","2,049,500","13","155.00","2","159.00","1","22,248,586","171.00","140.00"
"5281","大峽谷-KY","14.30","-0.70","15.45","15.45","14.30","10,000","145,850","8","14.25","1","14.70","1","37,010,000","15.70","12.90"
"5287","數字","179.00","-3.50","181.50","181.50","178.00","75,000","13,464,000","58","178.50","2","180.00","1","50,795,000","196.50","161.50"
"5289","宜鼎","152.00","-3.00","155.00","155.00","152.00","146,000","22,303,000","89","152.00","43","152.50","3","86,440,081","167.00","137.00"
"5291","邑昇","33.40","-1.15","34.70","34.75","33.15","148,000","4,984,250","88","33.40","2","33.75","1","40,925,606","36.70","30.10"
"5299","杰力","85.00","-6.30","91.10","92.80","85.00","251,000","21,979,100","214","84.80","1","85.00","2","35,853,981","93.50","76.50"
"5301","寶得利","9.58","-0.09","9.60","9.60","9.55","40,000","383,230","14","9.58","3","9.59","13","104,552,571","10.50","8.63"
"5302","太欣","7.98","-0.46","8.54","8.54","7.83","118,000","957,350","62","7.91","1","7.98","5","159,888,349","8.77","7.19"
"5309","系統電","34.90","-2.25","37.40","37.50","34.85","1,647,000","59,118,900","996","34.90","1","34.95","27","156,658,323","38.35","31.45"
"5310","天剛","27.55","+0.05","28.00","28.00","26.00","81,000","2,160,100","23","25.90","5","27.55","3","28,943,517","30.30","24.80"
"5312","寶島科","58.00","-0.50","58.20","58.20","57.80","30,000","1,740,000","27","57.70","2","58.00","1","60,059,898","63.80","52.20"
"5314","世紀","4.00","0.00","3.80","4.00","3.80","123,000","490,000","19","3.83","1","4.00","19","60,000,000","4.40","3.60"
"5315","光聯","15.50","-0.35","15.90","15.95","15.50","189,000","2,949,550","74","15.50","2","15.55","1","106,351,832","17.05","13.95"
"5321","美而快","70.30","+3.80","67.80","73.10","65.90","2,350,000","163,076,300","1,901","70.10","1","70.30","3","40,219,174","77.30","63.30"
"5324","士開","8.69","-0.19","8.88","8.89","8.62","68,000","596,020","40","8.69","3","8.70","3","226,379,090","9.55","7.83"
"5328","華容","8.48","-0.42","8.90","8.90","8.48","115,000","993,560","69","8.47","2","8.48","9","172,710,724","9.32","7.64"
"5340","建榮","22.80","-0.90","23.15","23.55","22.00","111,000","2,499,200","75","22.00","14","22.65","4","194,893,964","25.05","20.55"
"5344","立衛","13.95","-1.45","15.20","15.20","13.90","146,000","2,082,850","92","13.95","9","14.00","1","79,447,460","15.30","12.60"
"5345","天揚","5.88","-0.12","6.00","6.00","5.88","10,000","59,040","6","5.85","5","5.88","1","47,500,000","6.46","5.30"
"5347","世界","60.30","0.00","60.00","62.00","60.00","3,806,000","231,777,300","2,630","60.30","8","60.40","16","1,638,982,267","66.30","54.30"
"5348","系通","10.35","-0.20","10.55","10.55","9.82","8,000","80,150","6","9.83","1","10.00","2","28,950,310","11.35","9.32"
"5351","鈺創","29.25","-2.50","32.10","32.15","29.15","6,238,000","188,734,100","3,405","29.20","37","29.25","70","284,061,815","32.15","26.35"
"5353","台林","35.85","-3.95","39.80","39.80","35.85","4,262,000","158,241,800","2,046","0.00","0","35.85","5","75,000,000","39.40","32.30"
"5355","佳總","5.56","-0.49","5.96","5.96","5.52","252,000","1,445,000","67","5.56","18","5.76","1","166,122,792","6.11","5.01"
"5356","協益","19.80","-1.35","21.20","21.20","19.10","205,000","4,078,000","177","19.75","1","19.80","9","103,040,000","21.75","17.85"
"5364","力麗店","21.30","+0.10","20.65","22.45","20.40","82,000","1,735,800","68","20.85","1","21.30","1","28,849,940","23.40","19.20"
"5371","中光電","49.10","-2.80","51.90","52.40","49.00","1,779,000","89,307,000","1,099","49.05","8","49.10","3","390,981,110","54.00","44.20"
"5381","合正","5.76","-0.04","5.99","5.99","5.75","69,000","398,760","14","5.75","1","5.76","1","180,156,837","6.33","5.19"
"5383","金利","25.00","-1.50","26.80","26.85","24.70","54,000","1,391,400","32","25.00","2","25.25","4","79,400,399","27.50","22.50"
"5386","青雲","26.40","-2.10","28.20","28.20","25.80","84,000","2,262,950","70","26.00","5","26.70","1","26,760,952","29.00","23.80"
"5392","能率","18.85","-1.10","19.95","19.95","18.85","269,000","5,173,800","185","18.85","2","18.90","3","169,963,990","20.70","17.00"
"5398","慕康生醫","16.75","-0.25","16.85","16.85","16.50","15,000","250,050","15","16.75","1","16.80","1","49,950,460","18.40","15.10"
"5403","中菲","66.00","-1.00","67.00","67.00","66.00","120,000","7,963,200","88","66.00","12","66.10","3","74,422,998","72.60","59.40"
"5410","國眾","25.90","-1.60","27.10","27.30","25.00","3,991,000","104,045,750","2,120","25.50","14","25.90","50","88,173,123","28.45","23.35"
"5425","台半","69.70","-5.30","75.00","75.30","68.60","20,588,000","1,471,113,900","11,757","69.70","14","69.80","156","263,485,486","76.60","62.80"
"5426","振發","12.65","-1.15","13.90","13.90","12.45","2,043,000","26,432,600","728","12.65","24","12.70","16","143,800,000","13.90","11.40"
"5432","新門","28.35","-0.15","28.50","30.25","26.75","44,000","1,263,550","30","27.70","2","28.30","1","20,687,804","31.15","25.55"
"5438","東友","15.00","-1.30","16.30","16.30","15.00","31,000","483,200","26","15.00","1","15.55","2","112,536,565","16.50","13.50"
"5439","高技","38.70","-0.80","39.60","39.60","38.70","241,000","9,408,350","142","38.70","2","38.80","1","92,975,752","42.55","34.85"
"5443","均豪","24.45","-1.10","25.50","25.70","24.30","322,000","8,034,850","218","24.45","5","24.50","3","165,136,144","26.85","22.05"
"5450","南良","16.75","-0.25","17.05","17.05","16.65","59,000","987,950","31","16.70","1","16.85","1","122,392,250","18.40","15.10"
"5452","佶優","13.60","-0.70","14.30","14.30","13.50","261,000","3,615,550","123","13.55","4","13.60","6","148,763,669","14.95","12.25"
"5455","昇益","28.05","+0.05","28.05","28.05","28.05","6,000","168,300","2","28.00","5","30.10","1","65,501,813","30.85","25.25"
"5457","宣德","44.15","-4.00","49.00","49.00","43.60","2,639,000","119,607,450","1,299","44.00","8","44.15","3","170,307,400","48.55","39.75"
"5460","同協","11.15","-0.15","11.30","11.30","11.00","15,000","166,600","12","11.05","3","11.15","1","58,778,130","12.25","10.05"
"5464","霖宏","20.65","-1.00","21.70","21.70","20.00","314,000","6,580,900","153","20.60","6","20.65","5","71,071,490","22.70","18.60"
"5465","富驊","15.70","-1.40","17.10","17.10","15.60","575,000","9,205,050","288","15.65","13","15.75","13","147,682,629","17.25","14.15"
"5468","凱鈺","16.80","-0.65","17.35","17.75","16.60","53,000","895,750","45","16.60","3","16.85","1","35,822,909","18.45","15.15"
"5474","聰泰","60.00","-4.00","64.00","64.00","60.00","55,000","3,392,900","48","60.00","1","62.00","2","40,355,944","66.00","54.00"
"5475","德宏","10.35","-1.00","11.45","11.50","10.25","816,000","8,692,650","379","10.35","19","10.40","3","127,127,017","11.35","9.32"
"5478","智冠","71.70","-0.70","72.40","72.70","71.70","106,000","7,664,800","97","71.70","1","72.20","1","127,474,332","78.80","64.60"
"5481","新華","12.05","-0.70","12.70","12.90","12.05","66,000","814,750","46","12.00","37","12.05","8","73,402,891","13.25","10.85"
"5483","中美晶","117.00","-6.00","122.50","123.50","115.00","8,649,000","1,027,403,500","4,936","116.50","190","117.00","86","586,221,651","128.50","105.50"
"5487","通泰","27.30","+0.30","26.60","27.35","26.55","8,000","216,150","6","25.00","6","27.30","1","24,062,516","30.00","24.60"
"5488","松普","10.45","-0.20","10.65","10.70","10.15","710,000","7,359,700","170","10.40","7","10.45","30","91,586,124","11.45","9.41"
"5489","彩富","34.60","-0.05","34.60","34.80","34.00","44,000","1,507,350","34","34.40","2","34.65","2","102,706,441","38.05","31.15"
"5490","同亨","21.40","-0.40","21.70","21.70","21.15","167,000","3,584,650","101","21.30","73","21.50","16","96,213,101","23.50","19.30"
"5493","三聯","50.00","-2.20","51.80","52.80","49.60","57,000","2,881,000","31","49.75","1","50.50","1","41,608,815","55.00","45.00"
"5498","凱崴","9.78","-0.27","10.00","10.05","9.65","247,000","2,427,240","132","9.78","1","9.79","3","189,928,346","10.75","8.81"
"5508","永信建","63.20","-0.70","63.80","64.50","62.80","104,000","6,588,800","81","63.20","2","63.30","2","217,428,133","69.50","56.90"
"5511","德昌","29.45","-0.10","29.55","29.65","29.45","13,000","383,850","10","29.45","1","29.55","2","113,440,000","32.35","26.55"
"5512","力麒","8.41","-0.24","8.70","8.70","8.40","809,000","6,866,910","243","8.41","2","8.45","3","743,992,712","9.25","7.57"
"5514","三豐","18.35","-0.10","18.45","18.55","17.85","37,000","681,100","8","17.85","10","18.10","1","216,225,530","20.15","16.55"
"5516","雙喜","17.60","-0.30","17.80","17.85","17.50","29,000","511,600","23","17.50","1","17.70","5","45,494,460","19.35","15.85"
"5520","力泰","54.00","-0.20","54.20","54.20","54.00","2,000","108,200","2","54.00","1","55.40","1","59,975,245","59.40","48.60"
"5523","豐謙","25.30","-0.05","25.35","25.35","24.50","52,000","1,303,300","29","24.00","1","25.30","7","155,001,464","27.80","22.80"
"5529","鉅陞","12.40","+0.05","12.35","13.20","12.00","181,000","2,273,650","69","12.00","5","12.40","6","124,052,849","13.60","11.20"
"5530","龍巖","36.25","-1.15","37.35","37.40","36.20","496,000","18,194,400","329","36.20","12","36.30","33","420,084,199","39.85","32.65"
"5536","聖暉*","91.40","-3.70","95.90","96.40","91.00","694,000","64,531,800","477","91.20","2","91.40","2","114,607,990","100.50","82.30"
"5543","桓鼎-KY","56.70","-0.30","57.50","57.50","55.00","7,000","389,700","7","55.90","2","56.70","1","37,304,459","62.30","51.10"
"5601","台聯櫃","----","---","----","----","----","0","0","0","32.60","3","35.75","2","64,800,000","38.95","31.95"
"5603","陸海","20.45","-1.55","22.05","22.05","20.45","421,000","8,936,000","251","20.45","71","20.50","9","104,876,607","22.45","18.45"
"5604","中連","49.00","-0.20","49.50","49.50","49.00","32,000","1,570,050","21","48.80","2","49.00","1","108,782,968","53.90","44.10"
"5609","中菲行","60.80","+0.30","63.50","65.70","60.60","1,239,000","77,995,500","884","60.80","5","60.90","1","136,080,000","66.80","54.80"
"5701","劍湖山","2.90","-0.05","2.96","2.96","2.80","188,000","544,910","59","2.90","23","2.97","13","296,756,957","3.19","2.61"
"5703","亞都","16.35","-1.50","18.50","18.75","16.15","262,000","4,505,100","188","16.35","6","16.70","3","70,239,594","17.95","14.75"
"5704","老爺知","48.00","-3.20","52.70","54.50","47.10","10,331,000","525,158,450","7,231","47.95","2","48.00","89","38,861,658","52.80","43.20"
"5820","日盛金","11.60","0.00","11.60","11.65","11.60","554,000","6,428,250","193","11.60","17,016","11.65","911","3,834,714,461","12.75","10.45"
"5864","致和證","9.60","-0.21","9.86","9.86","9.60","71,000","690,310","46","9.50","6","9.60","5","266,844,238","10.55","8.64"
"5878","台名","47.10","+0.10","47.10","47.10","47.10","3,000","141,300","3","47.10","5","47.60","2","25,024,303","51.80","42.40"
"5902","德記","34.05","-3.75","37.80","37.80","34.05","228,000","8,020,800","174","34.05","9","34.35","1","94,500,000","37.45","30.65"
"5903","全家","183.50","-2.00","189.50","189.50","183.00","42,000","7,737,000","41","183.50","3","184.00","3","223,220,000","201.50","165.50"
"5904","寶雅","422.00","-3.00","421.00","428.00","410.00","972,000","406,771,500","769","421.00","16","422.50","4","102,182,048","464.00","380.00"
"5905","南仁湖","11.05","-0.55","11.75","11.75","10.85","2,969,000","32,995,700","943","11.05","12","11.10","97","249,824,637","12.15","9.95"
"6015","宏遠證","8.94","-0.65","9.59","9.70","8.94","722,000","6,626,090","315","8.93","3","8.94","28","351,251,595","9.83","8.05"
"6016","康和證","9.21","-0.29","9.50","9.50","9.20","1,149,000","10,702,570","303","9.21","29","9.22","16","594,454,986","10.10","8.29"
"6020","大展證","18.20","-0.50","18.60","18.60","18.00","67,000","1,218,600","20","18.10","13","18.65","3","252,353,154","20.00","16.40"
"6021","美好證","19.60","-0.05","19.70","19.70","19.40","40,000","782,000","6","19.60","5","19.70","10","309,830,974","21.55","17.65"
"6023","元大期","46.95","+0.05","46.80","47.00","46.50","57,000","2,666,100","41","46.55","2","46.95","2","289,976,288","51.60","42.30"
"6026","福邦證","9.41","-0.38","9.80","9.85","9.41","801,000","7,660,660","367","9.40","23","9.43","3","360,161,841","10.35","8.47"
"6101","寬魚國際","26.90","+0.10","25.90","27.45","24.90","133,000","3,515,000","94","26.00","1","27.00","7","116,422,371","29.55","24.25"
"6103","合邦","----","---","----","----","----","0","0","0","6.24","5","7.14","1","89,432,089","7.60","6.22"
"6104","創惟","78.00","-6.40","85.00","85.70","78.00","7,318,000","597,790,300","4,556","78.00","42","78.10","1","90,279,184","85.80","70.20"
"6109","亞元","12.55","-0.80","13.35","13.35","12.40","1,652,000","20,997,400","611","12.55","6","12.60","23","66,400,414","13.80","11.30"
"6111","大宇資","42.95","-3.65","46.95","46.95","42.80","718,000","31,835,500","547","42.90","8","42.95","16","85,262,959","47.20","38.70"
"6113","亞矽","15.00","-1.25","16.40","16.45","15.00","829,000","12,887,750","407","15.00","8","15.05","7","50,047,100","16.50","13.50"
"6114","久威","20.85","-1.95","23.10","23.10","20.80","456,000","9,756,550","217","20.85","11","20.90","2","43,911,937","22.90","18.80"
"6118","建達","28.70","-2.05","31.45","31.45","28.20","3,192,000","94,308,750","1,930","28.65","13","28.70","1","90,889,573","31.55","25.85"
"6121","新普","245.50","-14.00","258.00","258.00","245.00","901,000","224,927,000","752","245.00","23","245.50","5","184,970,519","270.00","221.00"
"6122","擎邦","13.30","-0.95","14.40","14.40","13.20","987,000","13,441,200","499","13.25","9","13.35","2","70,790,961","14.60","12.00"
"6123","上奇","54.90","-0.60","56.00","56.20","54.00","176,000","9,699,600","122","54.80","1","55.00","11","57,589,430","60.30","49.05"
"6124","業強","24.80","-1.30","26.15","27.45","24.75","999,000","25,203,850","296","24.75","6","24.80","6","182,479,945","27.25","22.35"
"6125","廣運","24.05","-1.60","25.80","25.95","24.05","4,924,000","121,822,750","1,981","24.05","41","24.10","1","249,011,150","26.45","21.65"
"6126","信音","20.30","-1.60","21.95","22.15","20.00","595,000","12,432,200","227","20.25","10","20.30","3","119,762,587","22.30","18.30"
"6127","九豪","12.30","-1.20","13.50","13.60","12.20","508,000","6,525,900","276","12.20","24","12.30","3","108,079,751","13.50","11.10"
"6129","普誠","26.75","-2.45","29.30","29.35","26.55","5,444,000","150,688,450","2,924","26.70","32","26.75","71","180,943,675","29.40","24.10"
"6130","星寶國際","37.55","-0.45","37.00","38.35","36.60","16,000","594,150","16","37.55","2","37.60","2","44,300,000","41.30","33.80"
"6134","萬旭","17.00","-1.75","19.25","19.25","16.90","356,000","6,248,350","212","16.95","2","17.00","1","72,579,898","18.70","15.30"
"6138","茂達","100.50","-4.50","105.00","106.00","99.90","1,369,000","140,761,800","944","100.50","4","101.00","11","74,072,500","110.50","90.50"
"6140","訊達","14.80","-1.20","16.05","16.15","14.50","377,000","5,708,600","218","14.70","39","14.80","2","42,204,696","16.25","13.35"
"6143","振曜","58.20","-2.80","62.00","62.00","58.10","1,253,000","74,723,100","791","58.20","22","58.30","1","83,006,897","64.00","52.40"
"6144","得利影","13.60","-0.60","13.65","13.65","13.60","5,000","68,050","4","13.15","1","13.55","1","38,273,701","14.95","12.25"
"6146","耕興","220.00","-4.00","220.50","226.00","212.50","542,000","117,667,500","422","220.00","1","220.50","2","97,016,380","242.00","198.00"
"6147","頎邦","49.45","-0.95","50.30","50.30","49.20","2,029,000","100,758,250","1,286","49.30","12","49.45","1","738,675,539","54.30","44.55"
"6148","驊宏資","10.85","-0.80","11.60","11.60","10.60","84,000","932,300","63","10.85","3","11.00","1","46,603,757","11.90","9.77"
"6150","撼訊","44.25","-3.75","48.00","48.50","44.25","661,000","30,471,100","459","44.25","1","44.50","1","48,345,985","48.65","39.85"
"6151","晉倫","25.35","-0.65","25.70","25.75","25.25","51,000","1,302,200","20","25.30","2","25.35","2","55,257,300","27.85","22.85"
"6154","順發","15.20","-0.20","15.35","15.35","15.15","36,000","548,300","25","15.15","2","15.20","2","80,080,000","16.70","13.70"
"6156","松上","15.45","-1.15","16.55","16.55","15.10","595,000","9,339,700","195","15.45","1","15.50","10","80,534,609","16.95","13.95"
"6158","禾昌","25.30","-0.55","26.50","26.50","25.30","97,000","2,464,450","52","25.30","7","25.35","10","55,047,988","27.80","22.80"
"6160","欣技","13.80","-0.65","14.80","14.80","13.35","470,000","6,499,200","258","13.60","5","13.80","3","68,489,120","15.15","12.45"
"6161","捷波","23.15","-0.95","24.10","24.10","23.05","212,000","4,968,600","131","23.05","14","23.15","2","74,983,303","25.45","20.85"
"6163","華電網","13.90","-0.50","14.40","14.40","13.55","535,000","7,435,550","214","13.70","6","13.90","3","133,777,565","15.25","12.55"
"6167","久正","11.30","-0.70","11.95","12.05","11.15","1,288,000","14,851,550","441","11.25","21","11.30","25","162,173,221","12.40","10.20"
"6169","昱泉","17.65","-0.85","18.55","18.55","17.65","22,000","399,600","18","17.60","2","17.70","4","23,394,960","19.40","15.90"
"6170","統振","30.75","+0.30","30.20","31.40","29.70","854,000","26,346,400","412","30.75","1","30.80","1","89,670,038","33.80","27.70"
"6171","大城地產","23.80","-1.00","24.85","24.85","23.80","75,000","1,814,800","64","23.75","2","23.85","4","100,000,000","26.15","21.45"
"6173","信昌電","32.10","-1.75","34.30","34.30","32.00","265,000","8,715,250","210","32.10","8","32.20","8","172,000,000","35.30","28.90"
"6174","安碁","24.05","-0.75","24.95","25.20","24.00","169,000","4,161,250","144","24.00","4","24.10","1","50,000,000","26.45","21.65"
"6175","立敦","22.50","-2.50","25.25","25.25","22.50","324,000","7,580,550","216","22.50","22","22.55","1","143,219,606","24.75","20.25"
"6179","亞通","26.75","0.00","26.00","26.75","25.90","23,000","607,550","15","25.40","4","26.75","6","88,146,731","29.40","24.10"
"6180","橘子","53.00","-2.50","55.50","55.50","53.00","954,000","51,499,600","668","53.00","4","53.10","1","175,493,573","58.30","47.70"
"6182","合晶","36.40","-2.30","39.05","39.05","36.20","8,848,000","329,735,550","4,507","36.40","94","36.45","12","540,933,730","40.00","32.80"
"6185","幃翔","11.80","-0.50","12.30","12.30","11.60","501,000","5,963,500","203","11.75","18","11.80","19","149,867,531","12.95","10.65"
"6186","新潤","28.65","-0.60","29.30","29.75","28.20","791,000","22,810,350","414","28.50","7","28.65","19","149,986,129","31.50","25.80"
"6187","萬潤","56.20","-5.50","61.40","61.90","56.20","1,290,000","75,392,400","899","56.10","3","56.20","6","83,323,902","61.80","50.60"
"6188","廣明","37.20","-1.55","38.50","38.75","36.85","1,389,000","52,123,050","822","37.15","2","37.20","7","278,358,910","40.90","33.50"
"6190","萬泰科","30.55","-2.75","33.35","33.35","30.25","2,134,000","67,137,900","1,254","30.55","4","30.60","6","161,665,230","33.60","27.50"
"6195","詩肯","45.70","-0.95","45.65","45.70","45.35","26,000","1,184,050","18","45.35","8","46.00","1","50,192,942","50.20","41.15"
"6198","凌泰","27.20","-0.55","27.75","28.45","27.20","14,000","385,450","6","27.20","3","27.95","1","22,635,350","29.90","24.50"
"6199","天品","16.35","-1.25","17.75","17.75","16.25","61,000","1,028,650","50","16.35","2","16.70","2","61,760,018","17.95","14.75"
"006201","元大富櫃50","14.05","-0.57","14.69","14.69","14.00","193,000","2,760,960","85","14.05","1","14.09","25","19,946,000","15.45","12.65"
"6203","海韻電","44.50","-0.55","46.50","46.50","44.30","66,000","2,946,950","53","44.50","2","44.55","1","79,953,277","48.95","40.05"
"6204","艾華","49.00","0.00","48.50","49.00","48.50","6,000","293,150","6","49.00","1","50.00","2","23,102,080","53.90","44.10"
"6207","雷科","24.10","-0.90","24.55","24.90","23.70","182,000","4,393,200","111","24.00","1","24.10","3","83,873,589","26.50","21.70"
"6208","日揚","45.35","-1.75","47.00","47.00","45.25","310,000","14,237,550","165","45.35","4","45.40","9","118,201,679","49.85","40.85"
"6210","慶生","36.90","-0.50","37.20","37.20","36.90","23,000","851,900","19","36.90","1","36.95","2","35,048,000","40.55","33.25"
"6212","理銘","49.50","0.00","49.50","49.50","49.50","7,000","346,500","4","49.75","2","50.00","3","102,000,000","54.40","44.55"
"6217","中探針","37.60","-2.70","40.35","40.75","37.10","2,870,000","109,853,950","1,765","37.60","3","37.65","4","96,580,726","41.35","33.85"
"6218","豪勉","17.80","-0.40","18.10","18.15","17.80","93,000","1,665,550","45","17.75","2","17.80","22","64,262,000","19.55","16.05"
"6219","富旺","11.25","0.00","11.25","11.35","10.90","628,000","6,981,500","260","11.20","7","11.30","26","154,016,276","12.35","10.15"
"6220","岳豐","23.80","-2.60","26.20","26.30","23.80","5,694,000","139,422,000","2,448","0.00","0","23.80","212","142,057,532","26.15","21.45"
"6221","晉泰","51.30","-1.00","52.60","52.60","50.40","128,000","6,620,600","49","51.20","2","51.30","1","82,511,750","56.40","46.20"
"6222","上揚","16.80","+0.15","16.65","16.80","16.65","2,000","33,450","2","15.40","1","16.50","1","40,588,878","18.45","15.15"
"6223","旺矽","77.60","-3.60","82.20","82.20","77.50","956,000","75,717,500","731","77.50","29","77.60","5","94,181,269","85.30","69.90"
"6227","茂綸","35.20","-1.95","37.25","37.45","35.10","170,000","6,141,150","114","35.20","1","35.40","1","76,111,786","38.70","31.70"
"6228","全譜","12.05","-0.80","12.90","13.30","12.05","43,000","539,200","31","12.05","5","12.60","1","40,000,000","13.25","10.85"
"6229","研通","23.00","-0.85","23.80","23.80","22.15","161,000","3,697,950","93","23.00","4","23.05","1","35,640,700","25.30","20.70"
"6231","系微","72.50","-3.00","74.30","75.30","72.10","776,000","57,011,100","628","72.20","1","72.50","3","38,043,488","79.70","65.30"
"6233","旺玖","17.40","-1.85","19.70","19.70","17.35","667,000","11,955,850","423","17.35","68","17.40","12","79,609,896","19.10","15.70"
"6234","高僑","17.50","-0.25","17.90","17.90","17.05","181,000","3,145,900","81","17.35","9","17.50","2","100,386,398","19.25","15.75"
"6236","康呈","----","---","----","----","----","0","0","0","18.00","1","21.20","5","31,654,039","21.20","17.40"
"6237","驊訊","39.05","-2.50","41.70","42.00","39.05","1,311,000","52,219,650","760","39.05","22","39.10","6","78,635,621","42.95","35.15"
"6240","松崗","17.60","-1.45","19.00","19.70","17.40","87,000","1,581,250","42","17.50","2","17.60","11","22,867,370","19.35","15.85"
"6241","易通展","13.95","-1.45","15.40","15.40","13.90","299,000","4,305,900","161","13.95","6","14.00","2","33,717,288","15.30","12.60"
"6242","立康","45.60","-1.70","47.35","47.35","45.00","31,000","1,431,400","27","45.40","1","45.80","1","23,310,000","50.10","41.05"
"6244","茂迪","23.75","-1.90","25.70","25.75","23.75","2,518,000","62,127,800","1,478","23.75","19","23.80","10","387,041,875","26.10","21.40"
"6245","立端","54.90","-4.80","59.30","59.60","54.00","5,071,000","284,150,900","2,552","54.80","76","54.90","21","118,042,438","60.30","49.45"
"6246","臺龍","14.25","+0.05","14.50","14.50","13.70","33,000","458,200","21","13.90","1","14.00","1","37,109,225","15.65","12.85"
"6247","淇譽電","11.20","+1.00","11.20","11.20","11.20","44,000","492,800","17","11.20","18,127","0.00","0","60,321,000","12.30","10.10"
"6248","沛波","21.00","-0.35","21.75","21.75","20.50","550,000","11,550,200","273","21.00","7","21.05","33","60,711,547","23.10","18.90"
"6259","百徽","18.60","-1.40","20.70","20.70","18.60","23,000","456,900","12","18.55","3","19.75","5","19,534,206","20.45","16.75"
"6261","久元","53.40","-1.70","55.20","55.80","53.20","341,000","18,465,700","216","53.40","4","53.60","1","128,497,989","58.70","48.10"
"6263","普萊德","73.50","-0.90","74.00","74.00","72.30","50,000","3,660,300","43","73.30","2","73.70","1","62,500,964","80.80","66.20"
"6264","富裔","8.42","-0.05","8.47","8.48","8.01","17,000","139,610","15","8.01","1","8.32","1","116,355,291","9.26","7.58"
"6265","方土昶","9.30","-0.75","10.15","10.15","9.25","965,000","9,304,590","401","9.30","15","9.33","16","118,172,151","10.20","8.37"
"6266","泰詠","22.00","-1.45","23.45","23.55","22.00","601,000","13,567,550","361","22.00","18","22.10","4","109,422,676","24.20","19.80"
"6270","倍微","21.30","-0.45","21.75","21.75","21.25","65,000","1,394,400","26","21.30","4","21.55","2","72,145,759","23.40","19.20"
"6274","台燿","39.40","-1.50","40.80","41.75","39.15","2,998,000","120,472,650","1,851","39.40","26","39.45","3","269,151,799","43.30","35.50"
"6275","元山","23.50","-0.90","24.30","24.30","23.15","544,000","12,845,850","294","23.50","2","23.55","2","70,166,919","25.85","21.15"
"6276","安鈦克","13.75","-0.65","14.40","14.40","13.65","23,000","322,100","22","13.75","1","13.85","1","31,490,000","15.10","12.40"
"6279","胡連","153.50","-12.00","165.50","167.00","151.00","4,697,000","741,964,000","3,392","153.50","6","154.00","6","99,654,707","168.50","138.50"
"6284","佳邦","38.90","-2.55","41.50","41.55","38.60","526,000","20,923,400","360","38.90","2","39.10","1","140,180,341","42.75","35.05"
"6287","元隆","20.70","-2.30","23.00","23.00","20.70","40,000","842,700","26","0.00","0","20.70","1","109,536,398","22.75","18.65"
"6290","良維","50.20","-3.50","54.00","54.20","50.00","3,660,000","189,592,700","2,146","50.20","19","50.30","3","147,766,197","55.20","45.20"
"6291","沛亨","98.50","-0.50","99.00","99.00","98.50","9,000","889,000","8","98.50","2","99.70","1","42,000,000","108.00","88.70"
"6292","迅德","36.10","-0.70","36.80","36.80","35.90","77,000","2,779,700","43","36.05","3","36.45","1","46,900,712","39.70","32.50"
"6294","智基","104.00","-0.50","104.00","104.50","104.00","7,000","728,500","7","103.50","4","104.50","1","24,572,741","114.00","93.60"
"6404","通訊-KY","----","---","----","----","----","0","0","0","0.00","0","18.95","3","24,358,000","20.80","17.10"
"6411","晶焱","78.10","-4.80","83.90","84.50","78.10","894,000","71,762,400","688","78.10","13","78.20","16","92,543,631","85.90","70.30"
"6417","韋僑","86.50","-0.40","87.70","88.00","86.10","8,000","694,000","8","86.50","1","87.00","1","42,274,000","95.10","77.90"
"6418","詠昇","15.05","-0.50","15.70","16.10","14.80","105,000","1,599,750","66","15.00","12","15.10","1","34,522,000","16.55","13.55"
"6419","京晨科","28.65","-2.25","29.85","29.95","28.65","12,000","354,200","12","28.60","1","30.00","1","13,159,170","31.50","25.80"
"6425","易發","18.95","-0.20","19.15","19.35","18.95","41,000","781,750","22","18.95","2","19.05","17","43,602,000","20.80","17.10"
"6432","今展科","27.55","-1.25","29.00","29.00","26.25","206,000","5,668,800","128","27.55","6","27.60","1","30,592,835","30.30","24.80"
"6435","大中","89.80","-3.70","92.50","92.90","87.00","270,000","24,229,300","235","87.80","10","90.00","4","33,433,000","98.70","80.90"
"6441","廣錠","37.15","-2.65","40.10","40.40","36.60","133,000","5,058,000","102","37.00","1","37.50","6","43,318,429","40.85","33.45"
"6446","藥華藥","479.00","+14.00","470.00","495.00","468.00","2,333,000","1,121,216,000","1,951","479.00","4","479.50","2","302,455,641","526.00","431.50"
"6457","紘康","53.20","-2.70","56.00","56.40","53.00","255,000","13,846,300","85","53.20","2","53.50","1","31,854,792","58.50","47.90"
"6461","益得","32.65","-2.65","35.90","35.90","32.10","4,813,000","160,793,000","2,614","32.65","86","32.70","3","116,879,000","35.90","29.40"
"6462","神盾","59.70","-4.10","63.80","63.80","59.70","280,000","17,090,300","230","59.60","1","59.80","2","69,271,754","65.60","53.80"
"6465","威潤","16.50","-0.55","17.00","17.00","16.50","91,000","1,508,500","48","16.55","2","16.70","1","32,281,675","18.15","14.85"
"6469","大樹","281.00","-12.00","290.50","294.50","278.50","1,328,000","377,162,500","1,070","281.00","2","281.50","3","89,135,201","309.00","253.00"
"6470","宇智","47.05","-3.85","51.00","51.10","46.80","987,000","47,962,500","650","47.00","6","47.05","2","32,694,100","51.70","42.35"
"6472","保瑞","309.50","-34.00","344.50","353.50","309.50","9,720,000","3,234,501,000","7,614","0.00","0","309.50","814","75,381,508","340.00","279.00"
"6482","弘煜科","43.00","0.00","43.00","43.00","43.00","1,000","43,000","1","40.50","1","42.95","2","18,863,284","47.30","38.70"
"6485","點序","55.40","-5.40","61.00","61.10","55.10","710,000","41,066,500","506","55.40","2","55.50","1","44,152,008","60.90","49.90"
"6486","互動","59.90","-0.20","60.40","60.50","59.60","22,000","1,322,500","19","59.90","1","60.10","4","40,017,912","65.80","54.00"
"6488","環球晶","333.50","-10.50","344.00","348.00","331.50","2,394,000","811,243,000","1,851","333.50","22","334.00","14","437,250,000","366.50","300.50"
"6492","生華科","44.80","-2.70","47.50","47.95","44.75","206,000","9,506,850","178","44.80","10","44.85","3","89,743,620","49.25","40.35"
"6494","九齊","54.90","-4.40","59.40","59.40","54.90","258,000","14,514,400","205","54.90","6","55.00","4","31,559,690","60.30","49.45"
"6496","科懋","27.45","+0.05","27.05","27.45","26.90","21,000","569,250","20","27.05","1","27.75","1","46,667,000","30.15","24.75"
"6499","益安","49.35","-3.55","52.50","53.30","49.00","279,000","14,095,800","217","49.10","3","49.35","1","87,840,089","54.20","44.45"
"6506","雙邦","18.20","-0.40","18.60","18.60","18.15","96,000","1,760,250","57","18.15","3","18.20","5","82,360,826","20.00","16.40"
"6508","惠光","35.15","-1.60","36.75","36.95","34.90","1,485,000","53,020,800","694","35.10","7","35.15","1","86,061,156","38.65","31.65"
"6509","聚和","35.20","-2.45","37.90","37.90","35.15","1,775,000","64,060,950","1,048","35.20","13","35.25","2","173,490,326","38.70","31.70"
"6510","精測","380.00","-25.00","408.00","408.00","380.00","193,000","75,190,500","184","380.00","4","381.00","2","32,789,022","418.00","342.00"
"6512","啟發電","19.55","-0.70","20.30","20.35","19.55","56,000","1,106,750","39","19.55","1","19.70","8","25,000,000","21.50","17.60"
"6514","芮特-KY","44.65","-4.20","51.40","51.40","44.10","101,000","4,674,200","87","44.35","1","45.00","2","30,015,382","49.10","40.20"
"6516","勤崴國際","76.60","-2.10","78.50","79.40","76.20","26,000","2,012,800","22","76.60","1","77.00","1","46,620,192","84.20","69.00"
"6523","達爾膚","84.10","-5.10","90.00","90.00","84.10","120,000","10,318,500","107","84.10","2","84.30","2","45,047,625","92.50","75.70"
"6527","明達醫","41.75","-2.95","44.00","44.35","41.75","190,000","8,129,750","157","41.75","1","41.80","1","24,276,000","45.90","37.60"
"6530","創威","20.70","-2.00","22.50","22.65","20.60","488,000","10,364,350","240","20.70","7","20.80","9","33,750,000","22.75","18.65"
"6532","瑞耘","49.90","-2.60","52.00","53.10","49.05","1,080,000","54,395,900","706","49.80","3","49.90","4","36,100,867","54.80","44.95"
"6535","順藥","35.25","-0.85","36.10","36.10","35.00","294,000","10,395,200","174","35.10","1","35.30","1","163,077,825","38.75","31.75"
"6538","倉和","63.50","-5.30","68.80","69.70","63.20","383,000","25,476,900","321","63.50","8","64.30","3","37,269,000","69.80","57.20"
"6542","隆中","44.00","-2.30","44.70","45.30","44.00","13,000","578,650","11","43.50","2","45.55","1","42,000,630","48.40","39.60"
"6546","正基","83.70","-8.50","90.70","91.40","83.70","831,000","73,078,300","673","83.70","9","85.80","8","66,226,937","92.00","75.40"
"6547","高端疫苗","68.80","-4.40","72.80","72.80","68.80","6,318,000","445,510,300","3,453","68.80","8","68.90","10","327,814,900","75.60","62.00"
"6548","長科*","29.15","-1.60","30.75","30.75","29.15","669,000","19,959,000","469","29.15","3","29.30","18","960,496,700","32.05","26.25"
"6556","勝品","69.60","+1.10","68.50","70.70","68.00","5,000","346,600","5","68.50","10","69.50","1","28,750,000","76.50","62.70"
"6560","欣普羅","32.30","-0.90","33.10","33.10","31.50","36,000","1,157,800","34","30.90","1","32.35","1","25,874,715","35.50","29.10"
"6561","是方","279.00","-1.00","280.00","280.00","278.50","12,000","3,354,500","12","278.50","2","279.50","1","70,682,381","306.50","251.50"
"6568","宏觀","112.50","-10.00","123.00","123.00","112.50","536,000","62,636,500","477","112.50","4","113.50","7","30,787,120","123.50","101.50"
"6569","醫揚","87.00","-4.10","91.50","91.50","87.00","17,000","1,535,200","15","86.80","2","90.50","2","33,261,300","95.70","78.30"
"6570","維田","49.00","-3.50","53.10","53.50","48.00","5,089,000","259,344,700","3,605","48.95","2","49.00","1","33,086,177","53.90","44.10"
"6574","霈方","----","---","----","----","----","0","0","0","47.00","1","50.00","1","21,990,000","55.00","45.00"
"6576","逸達","73.70","-6.30","80.00","80.00","73.50","507,000","38,680,800","406","73.70","5","73.80","3","118,023,652","81.00","66.40"
"6577","勁豐","56.60","-0.80","57.40","57.40","56.00","10,000","565,700","10","56.00","2","56.60","1","38,254,870","62.20","51.00"
"6578","達邦蛋白","13.00","-0.95","14.00","14.00","12.90","234,000","3,118,950","153","13.00","1","13.05","1","39,515,519","14.30","11.70"
"6588","東典光電","33.00","-0.80","33.20","33.80","32.00","10,000","325,750","10","31.30","2","32.90","2","26,700,825","36.30","29.70"
"6589","台康生技","108.00","-5.00","114.50","116.00","107.50","8,964,000","998,739,500","5,639","108.00","150","108.50","7","303,697,735","118.50","97.20"
"6590","普鴻","50.10","-0.70","50.70","50.70","50.10","9,000","452,700","8","50.00","7","50.60","1","21,291,250","55.10","45.10"
"6593","台灣銘板","37.00","-0.60","37.60","37.60","37.00","5,000","186,700","5","37.00","4","39.00","1","20,309,401","40.70","33.30"
"6594","展匯科","23.30","-2.40","25.50","25.50","23.20","36,000","883,450","32","23.30","1","24.60","1","30,159,628","25.60","21.00"
"6596","寬宏藝術","41.85","-0.80","42.65","42.75","41.65","22,000","929,450","21","41.85","1","42.05","1","30,000,000","46.00","37.70"
"6603","富強鑫","17.00","-1.10","18.30","18.30","17.00","3,139,000","54,883,300","1,216","16.95","33","17.00","2","152,407,836","18.70","15.30"
"6609","瀧澤科","27.05","-1.65","28.50","28.50","26.90","466,000","12,838,300","222","27.05","8","27.10","1","72,456,246","29.75","24.35"
"6612","奈米醫材","71.80","-4.00","75.80","75.80","71.00","98,000","7,106,800","80","71.80","4","72.90","1","34,163,900","78.90","64.70"
"6613","朋億*","79.90","-2.80","82.70","82.80","79.60","237,000","19,158,100","148","79.90","1","80.00","2","67,856,000","87.80","72.00"
"6615","慧智","40.00","-0.10","39.90","40.00","39.90","4,000","159,700","4","39.65","1","39.90","1","21,362,400","44.00","36.00"
"6616","特昇-KY","13.35","-0.80","14.30","14.30","13.35","68,000","941,250","48","13.35","5","13.40","20","28,634,216","14.65","12.05"
"6624","萬年清","40.15","-0.35","39.80","40.15","39.30","4,000","159,250","4","39.30","1","40.20","1","18,000,000","44.15","36.15"
"6629","泰金-KY","48.00","+0.50","48.80","48.80","48.00","2,000","96,800","2","46.50","1","47.25","1","35,714,166","52.80","43.20"
"6640","均華","----","---","----","----","----","0","0","0","84.20","2","87.00","1","28,276,500","95.70","78.30"
"6642","富致","38.10","-3.75","43.20","43.20","38.05","201,000","7,968,600","107","38.10","3","38.45","1","37,399,662","41.90","34.30"
"6643","M31","305.00","-7.50","321.00","324.00","304.00","3,391,000","1,061,624,000","3,043","305.00","22","305.50","1","31,710,000","335.50","274.50"
"6649","台生材","31.70","-2.90","34.65","34.65","31.70","270,000","8,899,750","197","31.60","4","31.90","1","42,000,000","34.85","28.55"
"6651","全宇昕","55.00","-3.10","58.10","58.10","55.00","72,000","4,031,200","49","54.80","1","55.00","2","34,601,541","60.50","49.50"
"6654","天正國際","46.20","-0.15","46.00","46.75","46.00","22,000","1,022,300","18","46.10","2","46.40","1","33,262,720","50.80","41.60"
"6661","威健生技","20.55","-0.90","21.15","21.15","20.10","23,000","473,350","21","20.10","1","20.50","1","23,304,248","22.60","18.50"
"6662","樂斯科","29.50","0.00","29.25","29.50","29.20","7,000","205,650","7","29.10","1","29.50","2","25,612,400","32.45","26.55"
"6664","群翊","79.20","-2.70","82.30","82.40","79.00","163,000","13,018,700","129","79.20","3","80.00","6","55,000,000","87.10","71.30"
"6667","信紘科","58.80","-2.40","61.00","61.80","58.60","259,000","15,425,800","213","58.70","1","58.80","2","44,778,878","64.60","53.00"
"6679","鈺太","184.50","-5.00","191.00","191.00","184.50","280,000","52,422,500","217","184.00","9","185.50","4","54,658,335","202.50","166.50"
"6680","鑫創電子","56.90","-0.10","56.60","56.90","54.10","22,000","1,220,700","15","56.90","1","57.30","1","19,101,970","62.50","51.30"
"6683","雍智科技","154.50","-8.50","163.00","166.50","154.00","259,000","41,183,500","232","154.00","8","154.50","4","27,225,661","169.50","139.50"
"6684","安格","41.85","-3.55","44.70","45.40","41.80","128,000","5,581,750","96","41.85","3","42.30","1","26,918,800","46.00","37.70"
"6690","安碁資訊","101.00","-4.00","102.50","104.00","100.50","30,000","3,059,500","29","101.00","1","103.00","2","22,240,720","111.00","90.90"
"6693","廣閎科","65.00","-3.50","69.20","69.20","63.30","96,000","6,353,300","91","64.40","1","65.00","2","45,720,000","71.50","58.50"
"6697","東捷資訊","35.50","-0.50","36.80","37.00","35.50","4,000","145,300","4","35.20","1","35.50","1","27,323,364","39.05","31.95"
"6703","軒郁","85.00","-1.20","86.70","86.70","85.00","41,000","3,497,100","39","84.90","1","85.00","1","23,882,874","93.50","76.50"
"6712","長聖","171.00","-7.50","180.00","180.00","166.50","1,656,000","286,267,000","1,167","169.50","32","171.00","4","68,087,800","188.00","154.00"
"6716","應廣","79.90","-1.60","82.00","82.00","79.90","4,000","321,900","4","77.20","1","80.00","2","26,975,740","87.80","72.00"
"6721","信實","41.85","-1.00","43.00","43.00","41.85","17,000","717,700","15","41.20","1","42.85","1","22,500,000","46.00","37.70"
"6727","亞泰金屬","61.30","-1.50","63.10","63.10","59.80","259,000","15,774,100","146","60.10","2","61.50","1","22,783,319","67.40","55.20"
"6728","上洋","119.00","-7.00","124.00","124.00","119.00","24,000","2,908,500","23","118.00","3","119.50","2","23,000,000","130.50","107.50"
"6732","昇佳電子","216.50","-2.50","219.00","219.00","211.00","108,000","23,096,500","103","215.50","2","217.00","1","48,912,618","238.00","195.00"
"6733","博晟生醫","20.25","-0.85","21.10","21.50","20.25","211,000","4,389,150","119","20.25","1","20.50","11","103,076,026","22.25","18.25"
"6735","美達科技","51.20","-5.60","55.80","55.80","51.20","54,000","2,903,600","49","0.00","0","51.20","178","39,894,000","56.30","46.10"
"6741","91APP*-KY","75.40","-3.50","78.90","79.00","75.30","253,000","19,498,000","188","75.30","2","75.40","1","120,577,997","82.90","67.90"
"6747","亨泰光","183.50","-4.00","187.00","187.00","183.50","6,000","1,109,500","6","182.50","1","185.00","1","24,189,000","201.50","165.50"
"6751","智聯服務","38.55","-0.90","38.80","38.80","38.55","20,000","773,050","20","38.50","2","38.95","17","20,000,000","42.40","34.70"
"6752","叡揚","61.00","-3.80","65.80","65.80","61.00","19,000","1,181,100","15","60.50","2","65.50","1","30,000,120","67.10","54.90"
"6761","穩得","76.70","-3.60","77.30","77.30","76.70","22,000","1,694,000","19","77.50","2","78.20","1","23,908,513","84.30","69.10"
"6762","達亞","217.00","+1.00","216.00","217.00","213.00","7,000","1,503,500","7","212.00","1","217.50","1","25,889,242","238.50","195.50"
"6763","綠界科技","345.50","-21.50","368.00","368.00","345.00","32,000","11,373,000","32","346.00","1","348.00","1","17,903,913","380.00","311.00"
"6767","台微醫","29.20","-0.80","29.90","30.05","29.00","131,000","3,868,600","82","29.20","1","29.30","5","29,109,000","32.10","26.30"
"6788","華景電","94.30","-9.70","103.50","106.50","94.10","2,334,000","232,741,800","1,730","94.30","5","94.50","22","34,739,683","103.50","84.90"
"6803","崑鼎","247.00","-4.50","250.00","253.00","246.50","82,000","20,378,500","73","246.50","1","248.00","1","70,347,004","271.50","222.50"
"6804","明係","54.80","-3.70","58.50","58.50","53.40","202,000","11,216,500","165","53.50","1","55.10","1","30,000,000","60.20","49.35"
"6811","宏碁資訊","107.50","-11.50","120.00","120.00","107.50","155,000","17,026,000","116","0.00","0","107.50","23","41,449,000","118.00","96.80"
"6823","濾能","81.00","-5.30","86.00","86.00","81.00","25,000","2,096,400","22","81.10","2","83.00","1","21,179,500","89.10","72.90"
"6829","千附精密","65.50","-1.40","66.90","69.40","65.50","572,000","38,493,900","498","65.50","3","65.90","1","59,169,000","72.00","59.00"
"6855","數泓科","73.50","-4.20","77.50","78.00","73.50","139,000","10,564,000","69","73.50","3","74.80","2","21,136,105","80.80","66.20"
"7402","邑錡","39.70","-1.00","38.25","40.20","38.25","6,000","234,350","6","39.10","1","39.70","1","26,145,386","43.65","35.75"
"7556","意德士","99.00","-2.00","100.00","100.00","99.00","15,000","1,496,100","15","96.00","1","99.00","1","22,908,683","108.50","89.10"
"8024","佑華","19.20","-2.00","21.30","21.40","19.10","937,000","19,065,900","435","19.20","6","19.25","3","45,160,100","21.10","17.30"
"8027","鈦昇","50.30","-1.10","52.10","52.70","49.95","803,000","41,141,350","525","50.20","2","50.30","4","100,646,375","55.30","45.30"
"8032","光菱","28.75","-0.75","29.80","29.80","28.60","73,000","2,110,800","49","28.75","1","28.80","2","51,810,300","31.60","25.90"
"8034","榮群","13.30","-1.15","14.50","14.50","13.10","500,000","6,839,250","231","13.30","2","13.35","8","62,873,725","14.60","12.00"
"8038","長園科","30.00","-0.60","31.55","31.55","29.40","123,000","3,705,250","102","30.00","2","30.10","3","59,854,190","33.00","27.00"
"8040","九暘","54.70","-4.70","58.70","59.60","54.20","6,679,000","381,445,100","4,377","54.70","17","54.80","5","68,850,074","60.10","49.25"
"8042","金山電","36.30","-0.25","36.85","36.85","36.05","19,000","689,600","16","36.25","1","36.40","1","129,462,549","39.90","32.70"
"8043","蜜望實","23.30","-1.25","24.40","24.40","23.20","140,000","3,316,750","86","23.30","2","23.40","9","79,907,170","25.60","21.00"
"8044","網家","44.90","-2.50","47.30","47.40","44.55","910,000","41,473,400","716","44.90","7","44.95","3","128,513,945","49.35","40.45"
"8047","星雲","11.90","-0.60","12.20","12.20","11.90","4,000","48,500","4","11.90","1","12.25","1","41,666,343","13.05","10.75"
"8048","德勝","29.70","+0.05","30.00","30.00","29.30","104,000","3,075,700","26","29.60","1","29.70","3","54,471,206","32.65","26.75"
"8049","晶采","25.45","-1.45","27.10","27.10","25.35","1,810,000","46,757,100","893","25.40","13","25.45","20","118,279,808","27.95","22.95"
"8050","廣積","63.70","-6.80","70.60","70.80","63.50","11,321,000","741,701,800","5,743","63.70","89","63.80","1","190,439,726","70.00","57.40"
"8054","安國","29.85","-2.15","31.95","32.30","29.85","820,000","25,184,700","457","29.80","7","29.90","1","90,858,836","32.80","26.90"
"8059","凱碩","9.41","-0.38","9.50","9.70","9.40","30,000","284,780","19","9.41","2","9.50","6","188,618,000","10.35","8.47"
"8064","東捷","13.70","-0.30","14.20","14.20","13.40","415,000","5,692,200","178","13.65","8","13.70","1","164,817,836","15.05","12.35"
"8066","來思達","25.70","-0.50","26.20","26.20","24.85","48,000","1,224,950","43","25.35","2","25.65","1","30,152,304","28.25","23.15"
"8067","志旭","8.76","-0.17","8.97","8.97","8.21","37,000","314,610","25","8.46","2","8.75","2","30,000,000","9.63","7.89"
"8068","全達","22.85","-1.35","23.90","24.45","22.80","55,000","1,279,600","48","22.80","3","23.10","2","76,659,992","25.10","20.60"
"8069","元太","200.00","-7.00","205.00","209.00","198.00","22,611,000","4,594,883,500","12,925","199.50","141","200.00","1","1,140,404,715","220.00","180.00"
"8071","能率網通","13.85","-0.70","14.10","14.40","13.25","664,000","9,125,050","293","13.60","10","13.85","5","51,854,283","15.20","12.50"
"8074","鉅橡","17.90","-0.45","18.30","18.30","17.80","119,000","2,137,200","34","17.85","9","17.90","1","80,974,466","19.65","16.15"
"8076","伍豐","25.35","-1.80","27.25","27.25","25.20","1,955,000","50,793,500","953","25.35","14","25.50","2","296,091,516","27.85","22.85"
"8077","洛碁","8.02","-0.52","8.61","8.61","7.70","13,000","103,800","13","7.73","1","8.00","1","109,728,343","8.82","7.22"
"8080","永利聯合","10.15","-0.15","10.25","10.25","10.15","21,000","214,000","19","10.15","3","10.75","1","23,163,821","11.15","9.14"
"8083","瑞穎","160.50","-3.50","164.50","165.00","160.50","55,000","8,928,500","50","160.00","1","161.00","5","35,133,193","176.50","144.50"
"8084","巨虹","103.00","-9.00","111.00","113.00","103.00","404,000","43,058,000","229","103.00","7","103.50","8","69,514,149","113.00","92.70"
"8085","福華","19.35","-1.00","19.85","20.35","19.20","265,000","5,222,700","138","19.35","4","19.40","1","139,983,060","21.25","17.45"
"8086","宏捷科","55.20","-3.60","58.70","59.30","55.20","1,578,000","89,781,500","1,114","55.20","24","55.30","1","196,516,123","60.70","49.70"
"8087","華鎂鑫","29.40","+2.65","26.00","29.40","25.75","578,000","16,721,150","424","29.40","23","0.00","0","29,068,965","32.30","26.50"
"8088","品安","19.50","-1.20","20.60","20.80","19.50","177,000","3,526,400","116","19.50","15","19.55","3","60,921,749","21.45","17.55"
"8089","康全電訊","23.15","-1.00","24.50","24.65","22.90","310,000","7,372,100","203","23.15","2","23.20","2","58,251,727","25.45","20.85"
"8091","翔名","67.80","-4.10","71.70","72.00","67.00","506,000","34,773,400","339","67.70","2","68.00","1","45,560,114","74.50","61.10"
"8092","建暐","12.30","0.00","12.90","12.90","12.05","103,000","1,275,650","51","12.30","2","12.35","20","38,950,616","13.50","11.10"
"8093","保銳","10.85","+0.30","10.80","11.10","10.40","343,000","3,684,050","153","10.55","4","10.85","5","44,945,945","11.90","9.77"
"8096","擎亞","10.95","-0.85","11.75","11.75","10.90","1,207,000","13,532,400","402","10.95","17","11.00","149","148,896,377","12.00","9.86"
"8097","常珵","63.90","-1.00","64.90","66.10","63.90","1,879,000","122,233,600","879","63.90","4","64.00","3","46,059,214","70.20","57.60"
"8099","大世科","32.85","-3.65","36.75","36.75","32.85","161,000","5,598,750","97","0.00","0","32.85","66","88,560,000","36.10","29.60"
"8107","大億金茂","16.50","-1.05","17.50","17.50","16.50","218,000","3,673,250","144","16.50","3","16.60","7","75,000,000","18.15","14.85"
"8109","博大","82.00","-2.50","84.90","84.90","81.00","227,000","18,721,600","173","81.70","2","82.00","4","77,609,404","90.20","73.80"
"8111","立碁","15.10","-0.95","16.25","16.25","15.05","642,000","9,852,500","295","15.10","15","15.20","20","109,102,223","16.60","13.60"
"8121","越峰","23.70","除權","26.85","27.00","23.45","1,334,000","33,016,400","798","23.70","1","23.80","12","212,993,743","26.05","21.35"
"8147","正淩","54.60","-1.60","56.40","56.40","54.00","190,000","10,493,100","84","54.60","10","54.90","1","32,387,656","60.00","49.15"
"8155","博智","84.30","-4.70","89.70","89.80","84.30","803,000","69,555,700","626","84.30","1","84.50","3","51,256,000","92.70","75.90"
"8171","天宇","35.15","-1.85","37.25","37.25","35.00","331,000","11,849,650","196","35.15","3","35.45","1","66,723,230","38.65","31.65"
"8176","智捷","9.23","+0.18","9.19","9.34","9.10","87,000","800,300","67","9.11","5","9.22","9","71,701,000","10.15","8.31"
"8182","加高","28.30","-1.20","30.45","30.45","28.00","147,000","4,230,450","97","28.30","1","28.60","21","107,041,215","31.10","25.50"
"8183","精星","53.00","-3.90","58.20","58.20","52.80","2,321,000","127,360,400","1,573","53.00","27","53.10","1","121,251,068","58.30","47.70"
"8234","新漢","25.10","-1.60","26.70","26.75","24.90","955,000","24,546,950","439","25.10","4","25.15","1","141,226,472","27.60","22.60"
"8240","華宏","26.70","-0.50","26.70","27.35","26.00","58,000","1,540,700","46","26.60","2","26.70","2","100,004,414","29.35","24.05"
"8255","朋程","138.00","-12.00","151.00","151.00","138.00","1,471,000","210,172,000","1,085","138.00","39","138.50","1","91,457,000","151.50","124.50"
"8277","商丞","8.17","-0.77","8.91","8.91","8.17","146,000","1,245,190","90","8.15","2","8.17","1","91,628,833","8.98","7.36"
"8279","生展","143.00","-12.00","156.00","156.00","139.50","165,000","23,715,000","130","140.50","3","143.50","1","27,100,851","157.00","129.00"
"8284","三竹","50.40","-1.10","51.10","51.10","50.20","17,000","859,000","15","50.40","1","50.80","1","46,342,000","55.40","45.40"
"8289","泰藝","28.30","-2.15","30.50","30.80","28.10","825,000","24,169,100","462","28.30","11","28.40","17","68,333,765","31.10","25.50"
"8291","尚茂","----","---","----","----","----","0","0","0","5.65","5","6.26","1","47,312,000","6.58","5.40"
"8299","群聯","298.00","-13.00","306.50","307.50","295.00","4,407,000","1,323,992,500","3,536","297.50","4","298.00","27","197,073,993","327.50","268.50"
"8342","益張","53.40","-0.70","53.80","53.80","53.40","4,000","214,400","4","53.50","1","53.60","2","33,536,692","58.70","48.10"
"8349","恒耀","62.30","-5.70","68.90","68.90","62.10","1,726,000","111,508,500","1,124","62.20","1","62.30","1","131,219,216","68.50","56.10"
"8349A","恒耀甲特","45.00","-0.05","45.00","45.00","45.00","1,000","45,000","1","44.50","5","44.95","2","10,000,000","49.50","40.50"
"8354","冠好","14.00","-0.10","14.10","14.10","13.95","39,000","546,150","36","13.95","12","14.05","1","78,532,263","15.40","12.60"
"8358","金居","34.90","-2.05","36.95","37.20","34.75","1,319,000","47,127,000","795","34.90","19","34.95","5","252,588,000","38.35","31.45"
"8383","千附","35.40","-1.15","36.65","36.65","35.40","302,000","10,822,750","194","35.40","10","35.50","1","113,760,482","38.90","31.90"
"8390","金益鼎","28.20","-1.70","30.00","30.00","28.20","387,000","11,151,800","206","28.20","9","28.30","1","119,927,660","31.00","25.40"
"8401","白紗科","20.40","-2.25","22.65","22.65","20.40","2,702,000","56,712,900","1,688","0.00","0","20.40","345","60,041,680","22.40","18.40"
"8403","盛弘","29.50","-1.35","30.60","30.70","29.35","1,126,000","33,614,800","634","29.50","10","29.55","1","120,042,161","32.45","26.55"
"8409","商之器","17.40","-0.40","17.70","18.05","17.40","113,000","1,990,200","71","17.35","2","17.40","1","32,000,000","19.10","15.70"
"8410","森田","30.60","-1.05","30.85","31.55","30.00","43,000","1,311,650","29","30.60","1","31.00","2","36,589,200","33.65","27.55"
"8415","大國鋼","33.00","-0.35","33.45","33.45","32.80","1,077,000","35,563,850","440","33.00","106","33.05","5","1,031,500,000","36.30","29.70"
"8416","實威","111.50","-2.50","113.50","114.00","111.50","39,000","4,380,000","34","111.50","1","112.00","1","28,210,710","122.50","100.50"
"8418","捷必勝-KY","9.95","+0.06","10.30","10.30","9.89","39,000","388,490","13","9.81","2","9.99","4","78,359,000","10.90","8.96"
"8420","明揚","67.60","-2.90","70.60","70.60","67.10","207,000","14,288,700","159","67.60","2","68.30","2","50,990,000","74.30","60.90"
"8421","旭源","12.70","-1.05","13.80","13.90","12.60","569,000","7,457,250","289","12.70","25","12.90","2","54,817,140","13.95","11.45"
"8423","保綠-KY","16.90","-0.30","17.05","17.05","16.90","9,000","152,900","8","16.60","1","17.00","2","24,829,077","18.55","15.25"
"8424","惠普","65.60","-1.00","65.50","65.80","65.50","5,000","328,000","4","66.10","2","66.50","2","36,054,368","72.10","59.10"
"8426","紅木-KY","25.90","+0.90","25.25","27.10","23.90","751,000","19,337,350","549","25.70","24","25.90","5","50,242,500","28.45","23.35"
"8431","匯鑽科","48.90","+0.10","49.80","49.90","46.60","238,000","11,424,850","188","48.00","5","49.00","8","44,455,482","53.70","44.05"
"8432","東生華","40.40","-2.40","42.85","43.05","40.40","85,000","3,526,800","70","40.40","4","40.60","2","38,398,140","44.40","36.40"
"8433","弘帆","46.05","-3.75","50.10","50.10","46.05","239,000","11,384,100","186","46.00","6","46.70","1","52,081,600","50.60","41.45"
"8435","鉅邁","59.10","-0.70","60.00","60.00","59.00","54,000","3,207,700","42","59.00","2","59.10","1","31,700,450","65.00","53.20"
"8436","大江","119.00","-9.00","129.50","129.50","118.50","731,000","89,224,000","444","119.00","94","119.50","3","118,260,830","130.50","107.50"
"8437","大地-KY","88.40","-2.60","90.20","90.20","88.00","18,000","1,602,800","17","88.00","2","89.00","1","47,851,070","97.20","79.60"
"8440","綠電","32.85","-3.60","36.50","36.50","32.85","1,012,000","34,585,900","541","32.85","263","33.10","2","38,000,225","36.10","29.60"
"8444","綠河-KY","38.80","-0.80","38.65","39.60","38.25","9,000","349,550","6","38.25","1","38.80","2","89,766,845","42.65","34.95"
"8446","華研","72.00","-0.90","72.90","73.50","72.00","33,000","2,390,800","28","71.90","2","72.20","1","52,914,405","79.20","64.80"
"8450","霹靂","22.95","-2.15","25.30","25.30","22.80","306,000","7,225,750","214","22.95","4","23.10","87","51,309,947","25.20","20.70"
"8455","大拓-KY","----","---","----","----","----","0","0","0","18.35","1","21.55","3","25,219,056","21.60","17.70"
"8472","夠麻吉","41.90","-0.10","41.00","41.90","40.55","6,000","246,400","6","39.25","1","42.25","1","17,735,800","46.05","37.75"
"8476","台境","49.45","-0.45","49.90","49.90","49.40","86,000","4,271,050","55","49.45","1","49.60","3","70,510,337","54.30","44.55"
"8477","創業家","20.05","-0.20","20.15","20.20","19.50","36,000","712,100","36","19.95","1","20.10","4","31,592,838","22.05","18.05"
"8489","三貝德","20.90","-1.95","22.90","22.90","20.80","260,000","5,590,200","176","20.90","3","21.00","7","37,752,414","22.95","18.85"
"8905","裕國","20.05","-0.40","20.50","20.50","20.00","68,000","1,378,500","42","20.00","5","20.05","1","119,440,000","22.05","18.05"
"8906","花王","19.10","-0.10","18.60","19.10","18.60","2,000","37,700","2","18.90","2","19.10","2","34,037,370","21.00","17.20"
"8908","欣雄","66.90","-1.90","68.30","68.30","65.90","51,000","3,410,900","48","66.60","2","66.90","9","257,700,584","73.50","60.30"
"8916","光隆","53.00","-3.50","56.20","56.30","52.60","3,351,000","180,848,300","2,073","52.90","12","53.00","5","131,664,331","58.30","47.70"
"8916A","光隆甲特","53.10","-3.10","55.00","55.00","53.00","14,000","748,700","13","53.10","2","54.90","1","18,030,000","58.40","47.80"
"8917","欣泰","90.10","-0.30","90.40","91.00","88.90","17,000","1,531,300","9","89.90","3","90.30","1","162,652,459","99.10","81.10"
"8921","沈氏","14.75","+0.35","14.75","14.75","14.75","1,000","14,750","1","14.10","1","14.70","2","46,592,159","16.20","13.30"
"8923","時報","18.00","+0.50","18.00","18.00","18.00","1,000","18,000","1","16.45","1","17.95","1","30,375,800","19.80","16.20"
"8924","大田","92.50","-4.00","96.60","97.40","92.00","654,000","61,621,700","383","92.20","6","92.50","4","83,800,000","101.50","83.30"
"8927","北基","33.65","-1.35","34.80","34.85","33.10","799,000","27,195,550","308","33.65","1","33.70","5","273,493,605","37.00","30.30"
"8928","鉅明","31.90","-2.05","33.90","34.20","31.90","415,000","13,544,150","250","31.90","2","32.00","1","50,854,015","35.05","28.75"
"8929","富堡","20.00","+0.20","20.20","20.20","20.00","2,000","40,200","2","19.60","1","19.80","1","50,580,862","22.00","18.00"
"8930","青鋼","15.85","-0.50","16.35","16.35","15.50","187,000","2,975,900","65","15.70","2","15.85","1","81,809,406","17.40","14.30"
"8931","大汽電","29.85","-0.45","30.30","30.30","29.60","67,000","2,002,050","30","29.75","2","29.80","1","122,254,862","32.80","26.90"
"8932","宏大","31.30","-0.20","31.50","31.50","31.15","413,000","12,943,500","159","31.30","6","31.35","1","61,453,022","34.40","28.20"
"8933","愛地雅","20.25","-0.95","21.00","21.40","19.45","18,469,000","377,209,500","7,951","20.15","2","20.25","2","301,410,448","22.25","18.25"
"8935","邦泰","11.00","-0.25","11.15","11.20","10.80","122,000","1,345,650","45","10.85","1","11.00","13","84,300,000","12.10","9.90"
"8936","國統","18.40","-0.70","19.10","19.15","18.30","781,000","14,553,400","342","18.35","5","18.40","4","248,078,157","20.20","16.60"
"8937","合騏","14.65","-0.20","14.60","14.75","14.30","35,000","505,750","22","14.10","1","14.30","5","72,478,800","16.10","13.20"
"8938","明安","84.80","-3.80","88.30","88.50","84.60","1,019,000","88,073,600","713","84.70","3","84.80","1","135,312,722","93.20","76.40"
"8941","關中","46.90","-0.65","48.55","48.55","46.70","52,000","2,465,900","38","46.90","2","47.20","3","30,410,497","51.50","42.25"
"8942","森鉅","57.20","-2.20","58.80","59.50","57.00","194,000","11,199,200","145","57.10","3","57.20","67","165,840,080","62.90","51.50"
"9949","琉園","19.30","+0.30","19.00","19.40","18.90","25,000","479,000","25","18.90","1","19.30","7","44,033,360","21.20","17.40"
"9950","萬國通","11.20","-0.75","11.50","11.50","11.20","13,000","148,600","2","11.10","3","11.95","1","167,716,000","12.30","10.10"
"9951","皇田","61.20","-2.90","64.10","64.20","60.80","214,000","13,268,100","169","61.00","1","61.20","1","74,900,000","67.30","55.10"
"9960","邁達康","25.55","+0.05","25.65","25.65","24.90","25,000","628,000","13","25.45","1","25.50","1","33,592,500","28.10","23.00"
"9962","有益","12.90","-1.15","13.90","14.00","12.80","984,000","13,007,750","514","12.90","14","12.95","8","90,220,260","14.15","11.65"
"020001","富邦存股雙十N","6.81","-0.03","6.80","6.81","6.80","2,000","13,610","2","6.79","100","6.80","100","40,000,000","7.49","6.13"
"020013","元富亞洲高股息N","----","---","----","----","----","0","0","0","13.55","300","13.57","300","20,000,000","9,999.95","0.01"
"020014","元大富櫃200N","----","---","----","----","----","0","0","0","5.50","100","5.53","100","60,000,000","6.08","4.98"
"020023","元大櫃買半導體N","3.46","-0.10","3.55","3.61","3.46","191,000","678,360","22","3.45","511","3.46","537","200,000,000","3.80","3.12"
"020024","兆豐富櫃200N","4.40","-0.10","4.47","4.47","4.40","3,000","13,340","2","4.35","311","4.36","473","40,000,000","4.84","3.96"
"020025","統一亞洲半導體N","5.37","+0.02","5.37","5.40","5.36","55,000","295,520","13","5.33","441","5.34","281","200,000,000","9,999.95","0.01"
"020026","兆豐上櫃ESG電菁N","3.39","-0.14","3.48","3.48","3.39","16,000","54,450","5","3.38","323","3.39","303","40,000,000","3.72","3.06"
"020027","元大上櫃ESG成長N","3.39","-0.13","3.51","3.53","3.39","267,000","925,440","31","3.39","489","3.40","499","400,000,000","3.72","3.06"
"020033","統一恒生科期N","3.03","+0.03","3.10","3.10","3.03","20,000","60,870","4","3.03","444","3.05","371","200,000,000","9,999.95","0.01"
"020035","元大上櫃ESG高息N","4.72","-0.18","4.87","4.90","4.72","221,000","1,057,340","63","4.71","519","4.72","500","200,000,000","5.19","4.25"
共905筆