上櫃股票每日收盤行情(不含定價) 
產業類別:所有證券(不含權證、牛熊證) 
資料日期:109/06/16
代號,名稱,收盤 ,漲跌,開盤 ,最高 ,最低,成交股數  , 成交金額(元), 成交筆數 ,最後買價,最後買量(千股),最後賣價,最後賣量(千股),發行股數 ,次日漲停價 ,次日跌停價
"00679B","元大美債20年","48.37","-1.22","48.80","48.80","48.23","2,216,000","107,661,440","497","48.36","6","48.37","22","384,192,000","9,999.95","0.01"
"00687B","國泰20年美債","50.70","-1.15","51.15","51.15","50.45","256,000","12,969,200","59","50.65","4","50.70","25","283,787,000","9,999.95","0.01"
"00694B","富邦美債1-3","40.12","-0.09","40.19","40.19","40.12","334,000","13,404,310","13","40.12","20","40.18","20","188,576,000","9,999.95","0.01"
"00695B","富邦美債7-10","41.74","-0.26","41.75","41.81","41.65","432,000","18,027,910","31","41.72","15","41.74","20","9,186,000","9,999.95","0.01"
"00696B","富邦美債20年","50.75","-1.20","51.05","51.05","50.60","534,000","27,106,100","48","50.70","2","50.75","49","765,681,000","9,999.95","0.01"
"00697B","元大美債7-10","44.21","除息","44.20","44.24","44.12","161,000","7,117,400","18","44.18","1","44.21","36","5,712,000","9,999.95","0.01"
"00718B","富邦中國政策債","19.37","-0.01","19.40","19.40","19.33","615,000","11,902,940","67","19.35","12","19.37","53","1,146,501,000","9,999.95","0.01"
"00719B","元大美債1-3","31.98","-0.06","32.04","32.04","31.91","1,378,000","44,062,610","37","31.97","15","31.98","18","596,514,000","9,999.95","0.01"
"00720B","元大投資級公司債","45.95","+0.06","45.89","45.98","45.75","1,232,000","56,538,070","93","45.91","7","45.95","8","567,609,000","9,999.95","0.01"
"00721B","元大中國債3-5","44.47","+0.03","44.44","44.47","44.33","2,053,000","91,166,000","64","44.40","1","44.47","20","461,122,000","9,999.95","0.01"
"00722B","群益15年IG電信債","49.85","+0.02","49.72","49.85","49.42","500,000","24,804,990","76","49.70","3","49.85","1","600,239,000","9,999.95","0.01"
"00723B","群益15年IG科技債","46.35","+0.15","46.29","46.35","46.02","140,000","6,461,240","18","46.35","1","46.40","4","765,583,000","9,999.95","0.01"
"00724B","群益10年IG金融債","44.53","-0.17","44.50","44.53","44.48","118,000","5,253,920","18","44.55","2","44.60","3","1,229,275,000","9,999.95","0.01"
"00725B","國泰投資級公司債","44.45","-0.21","44.30","44.45","44.23","198,000","8,777,640","25","44.39","2","44.58","9","621,706,000","9,999.95","0.01"
"00726B","國泰5Y+新興債","43.30","-0.30","43.37","43.40","43.30","107,000","4,643,350","9","43.31","10","43.42","29","1,096,989,000","9,999.95","0.01"
"00727B","國泰1-5Y高收債","38.75","-0.05","38.78","38.78","38.71","112,000","4,339,920","9","38.75","1","38.81","14","184,189,000","9,999.95","0.01"
"00734B","台新JPM新興債","20.93","-0.11","21.04","21.07","20.92","1,231,000","25,801,140","91","20.93","202","20.97","200","41,979,000","9,999.95","0.01"
"00740B","富邦全球投等債","48.79","+0.19","48.60","48.88","48.38","221,000","10,744,640","45","48.79","1","48.87","11","458,971,000","9,999.95","0.01"
"00741B","富邦全球高收債","38.05","+0.18","38.00","38.05","38.00","136,000","5,170,700","10","37.95","10","38.04","10","17,628,000","9,999.95","0.01"
"00744B","國泰中國政金債5+","41.00","-0.12","40.94","41.00","40.94","257,000","10,529,390","8","40.98","1","41.06","17","1,027,228,000","9,999.95","0.01"
"00745B","富邦中政債0-1","38.84","+0.09","38.85","38.85","38.84","51,000","1,980,850","3","38.56","10","38.83","10","4,016,000","9,999.95","0.01"
"00746B","富邦A級公司債","47.76","-0.04","47.47","47.76","47.46","103,000","4,909,740","22","47.55","11","47.68","10","978,464,000","9,999.95","0.01"
"00747B","FH中國政策債","49.88","+0.06","49.82","49.91","49.75","533,000","26,558,770","24","49.88","3","49.93","10","824,500,000","9,999.95","0.01"
"00748B","凱基中國債3-10","40.82","-0.01","40.82","40.82","40.82","100,000","4,082,000","2","40.83","11","40.98","2","624,000,000","9,999.95","0.01"
"00749B","凱基新興債10+","45.59","-0.34","45.59","45.59","45.59","100,000","4,559,000","8","45.57","5","45.76","1","993,000,000","9,999.95","0.01"
"00750B","凱基科技債10+","47.56","+0.09","47.52","47.56","47.50","164,000","7,798,730","16","47.56","9","47.74","12","169,000,000","9,999.95","0.01"
"00751B","元大AAA至A公司債","48.34","除息","48.53","48.53","48.16","413,000","19,951,430","90","48.33","2","48.34","16","1,180,603,000","9,999.95","0.01"
"00754B","群益AAA-AA公司債","49.57","-0.13","49.60","49.62","49.43","214,000","10,607,060","23","49.58","2","49.69","1","349,400,000","9,999.95","0.01"
"00755B","群益15年IG公用債","46.99","-0.07","46.90","46.99","46.90","106,000","4,971,580","9","46.90","2","46.99","6","196,730,000","9,999.95","0.01"
"00756B","群益15年EM主權債","47.52","-0.26","47.60","47.60","47.37","109,000","5,170,590","7","47.43","1","47.52","7","1,065,300,000","9,999.95","0.01"
"00758B","FH能源債","61.90","-0.05","61.95","62.00","61.90","258,000","15,978,150","9","61.80","22","62.00","12","5,525,000","9,999.95","0.01"
"00759B","FH製藥債","75.90","-0.05","75.80","75.90","75.80","127,000","9,637,500","4","75.75","18","76.00","14","55,025,000","9,999.95","0.01"
"00760B","FH新興企業債","65.85","-0.25","65.80","65.85","65.75","102,000","6,706,650","4","65.60","10","65.85","9","320,520,000","9,999.95","0.01"
"00761B","國泰A級公司債","49.55","-0.39","49.84","49.84","49.26","386,000","19,087,780","48","49.50","3","49.55","3","1,175,589,000","9,999.95","0.01"
"00764B","群益25年美債","51.20","除息","51.60","51.60","51.10","126,000","6,448,350","16","51.15","2","51.20","40","389,500,000","9,999.95","0.01"
"00765B","群益中國政金債","38.80","除息","38.80","38.80","38.80","100,000","3,880,000","2","38.75","20","38.81","15","3,000,000","9,999.95","0.01"
"00768B","FH20年美債","80.75","-0.95","81.70","81.70","80.75","933,000","75,790,200","42","80.75","4","80.90","11","8,100,000","9,999.95","0.01"
"00772B","中信高評級公司債","47.86","除息","47.79","47.94","47.72","886,000","42,395,290","74","47.80","1","47.86","6","1,522,790,000","9,999.95","0.01"
"00773B","中信優先金融債","48.08","除息","48.15","48.20","47.95","305,000","14,663,100","21","48.01","1","48.07","5","677,790,000","9,999.95","0.01"
"00777B","凱基AAA至A公司債","47.49","-0.01","47.45","47.49","47.44","224,000","10,634,570","16","47.42","10","47.60","13","394,650,000","9,999.95","0.01"
"00778B","凱基金融債20+","48.20","+0.20","48.07","48.20","48.07","110,000","5,300,820","10","48.02","8","48.27","1","277,150,000","9,999.95","0.01"
"00779B","凱基美債25+","51.85","-1.45","52.90","52.90","51.60","206,000","10,677,850","19","51.80","18","51.85","1","108,650,000","9,999.95","0.01"
"00780B","國泰A級金融債","43.33","-0.12","43.20","43.33","43.20","197,000","8,525,900","9","43.26","10","43.36","11","309,102,000","9,999.95","0.01"
"00781B","國泰A級科技債","47.25","-0.67","47.26","47.26","47.25","101,000","4,773,250","3","47.17","11","47.27","15","19,336,000","9,999.95","0.01"
"00782B","國泰A級公用債","45.74","-0.46","45.76","45.76","45.55","135,000","6,172,180","11","45.67","14","45.78","4","27,467,000","9,999.95","0.01"
"00784B","富邦中國投等債","40.54","+0.01","40.54","40.54","40.54","101,000","4,094,540","3","40.38","20","40.53","1","3,993,000","9,999.95","0.01"
"00785B","富邦金融投等債","46.00","+0.40","45.45","46.00","45.45","201,000","9,219,830","22","45.87","20","46.01","1","312,966,000","9,999.95","0.01"
"00786B","元大10年IG銀行債","44.45","-0.36","44.81","44.81","44.39","607,000","27,084,020","46","44.45","36","44.49","10","9,566,000","9,999.95","0.01"
"00787B","元大10年IG醫療債","45.85","除息","45.84","45.88","45.70","166,000","7,603,100","41","45.88","1","45.90","20","16,806,000","9,999.95","0.01"
"00788B","元大10年IG電能債","44.38","-0.27","44.65","44.65","44.25","1,226,000","54,513,210","98","44.35","1","44.38","43","38,706,000","9,999.95","0.01"
"00789B","FH公司債A3","70.55","-0.35","70.90","70.90","70.45","230,000","16,271,000","10","70.45","10","70.70","4","58,100,000","9,999.95","0.01"
"00790B","FH次順位IG金融債","67.35","-0.15","67.50","67.50","67.30","650,000","43,824,200","12","67.25","13","67.50","14","2,100,000","9,999.95","0.01"
"00791B","FH美元信用債1-5Y","59.20","-0.40","59.60","59.60","59.10","204,000","12,116,400","7","59.05","32","59.25","10","355,100,000","9,999.95","0.01"
"00792B","群益A級公司債","45.93","除息","46.19","46.19","45.77","113,000","5,189,980","14","45.90","1","45.99","1","318,615,000","9,999.95","0.01"
"00793B","群益AAA-A醫療債","46.06","除息","46.41","46.41","45.91","111,000","5,109,640","10","46.06","13","46.31","10","5,026,000","9,999.95","0.01"
"00794B","群益7+中國政金債","39.03","+0.07","39.02","39.03","39.02","102,000","3,981,040","5","38.94","10","39.07","8","381,687,000","9,999.95","0.01"
"00795B","中信美國公債20年","48.70","-1.27","49.97","49.97","48.66","259,000","12,637,690","40","48.67","1","48.69","15","417,598,000","9,999.95","0.01"
"00796B","中信中國債7-10","39.00","+0.02","38.92","39.00","38.91","240,000","9,350,900","10","38.94","13","39.03","15","107,970,000","9,999.95","0.01"
"00798B","國泰中企A級債7+","42.40","-0.10","42.07","42.40","42.03","105,000","4,450,370","6","42.19","17","42.78","18","1,071,000","9,999.95","0.01"
"00799B","國泰A級醫療債","44.90","-0.95","45.05","45.05","44.90","164,000","7,375,810","10","44.87","1","44.97","14","12,036,000","9,999.95","0.01"
"00831B","新光美債1-3","39.51","-0.09","39.51","39.51","39.51","50,000","1,975,500","2","39.51","5","39.60","2","106,600,000","9,999.95","0.01"
"00832B","新光美債20+","49.88","-1.22","50.50","50.50","49.88","52,000","2,595,000","3","49.81","5","50.05","5","5,300,000","9,999.95","0.01"
"00833B","第一金美債20+","47.88","-1.10","47.91","47.91","47.88","101,000","4,837,400","5","47.84","2","47.94","2","4,581,000","9,999.95","0.01"
"00834B","第一金金融債10+","44.76","-0.52","44.90","44.90","44.68","103,000","4,614,200","7","44.70","2","44.85","2","27,198,000","9,999.95","0.01"
"00835B","第一金科技債10+","44.37","-0.55","44.29","44.37","44.29","3,000","132,950","3","44.21","2","44.36","2","691,000","9,999.95","0.01"
"00836B","永豐10年A公司債","43.14","-0.68","43.08","43.15","42.82","122,000","5,259,940","14","43.08","3","43.14","4","235,041,000","9,999.95","0.01"
"00837B","永豐15年金融債","37.16","-0.35","37.24","37.24","37.02","108,000","4,004,580","8","36.95","1","37.26","1","1,041,000","9,999.95","0.01"
"00838B","永豐7-10年中國債","38.74","+0.02","38.69","38.74","38.69","101,000","3,912,190","7","38.70","10","38.77","5","16,691,000","9,999.95","0.01"
"00839B","凱基醫療保健債","44.75","-0.10","44.57","44.75","44.57","104,000","4,653,280","4","44.65","5","44.82","12","32,941,000","9,999.95","0.01"
"00840B","凱基IG精選15+","43.12","-0.08","43.00","43.12","43.00","108,000","4,656,000","4","43.00","14","43.16","12","32,431,000","9,999.95","0.01"
"00841B","凱基AAA-AA公司債","43.59","-0.23","43.39","43.59","43.39","102,000","4,445,780","3","43.46","11","43.63","13","33,940,000","9,999.95","0.01"
"00842B","台新美元銀行債","42.61","-0.65","42.98","42.98","42.61","142,000","6,081,010","19","42.60","1","42.63","10","32,767,000","9,999.95","0.01"
"00843B","台新中國政策債","38.60","+0.05","38.56","38.60","38.55","101,000","3,897,950","5","38.59","25","38.66","10","6,021,000","9,999.95","0.01"
"00844B","新光15年IG金融債","42.00","-0.80","42.20","42.20","41.94","125,000","5,253,070","18","41.89","5","42.05","5","41,175,000","9,999.95","0.01"
"00845B","富邦新興投等債","37.77","-0.23","37.81","37.81","37.77","204,000","7,705,120","6","37.68","12","37.75","2","54,551,000","9,999.95","0.01"
"00846B","富邦歐洲銀行債","39.68","-0.08","39.70","39.70","39.66","202,000","8,015,360","6","39.63","1","39.67","10","111,350,000","9,999.95","0.01"
"00847B","中信美國市政債","38.24","-0.25","38.40","38.42","38.15","225,000","8,603,430","38","38.24","11","38.28","15","14,805,000","9,999.95","0.01"
"00848B","中信新興亞洲債","39.38","-0.32","39.58","39.58","39.30","213,000","8,380,420","9","39.33","10","39.40","5","389,066,000","9,999.95","0.01"
"00849B","中信EM主權債0-5","38.81","-0.11","38.78","38.81","38.75","210,000","8,143,800","6","38.78","10","38.81","10","704,606,000","9,999.95","0.01"
"00853B","統一美債10年Aa-A","----","---","----","----","----","0","0","0","38.15","11","39.12","8","4,634,000","9,999.95","0.01"
"00854B","富邦全球保險債","41.65","-0.05","41.70","41.70","41.58","115,000","4,788,820","5","41.56","11","41.62","5","454,000","9,999.95","0.01"
"00855B","富邦全球能源債","38.37","0.00","38.48","38.48","38.24","126,000","4,836,840","9","38.24","20","38.34","3","683,000","9,999.95","0.01"
"00856B","永豐1-3年美公債","39.16","-0.05","39.16","39.16","39.16","100,000","3,916,000","3","39.10","10","39.18","5","19,292,000","9,999.95","0.01"
"00857B","永豐20年美公債","43.17","-1.03","43.90","43.90","43.17","102,000","4,404,800","4","43.15","1","43.21","5","7,768,000","9,999.95","0.01"
"00858","永豐美國500大","20.92","+0.75","20.92","20.92","20.92","101,000","2,112,920","3","20.92","81","20.97","50","481,374,000","9,999.95","0.01"
"00859B","群益0-1年美債","38.50","除息","38.75","38.75","38.45","104,000","4,003,150","6","38.50","1","38.54","11","12,011,000","9,999.95","0.01"
"00860B","群益1-5年IG債","39.50","-0.04","39.43","39.50","39.34","153,000","6,043,270","6","39.39","10","39.50","1","35,171,000","9,999.95","0.01"
"00862B","中信投資級公司債","40.63","除息","40.68","40.68","40.50","282,000","11,436,880","21","40.51","15","40.59","3","33,881,000","9,999.95","0.01"
"00863B","中信全球電信債","41.86","除息","41.83","41.88","41.81","218,000","9,121,890","10","41.83","2","41.85","5","100,964,000","9,999.95","0.01"
"00864B","中信美國公債0-1","39.11","-0.03","39.05","39.11","39.02","211,000","8,243,750","7","39.05","11","39.11","15","15,222,000","9,999.95","0.01"
"00867B","新光A-BBB電信債","41.60","-1.10","42.04","42.19","41.60","28,000","1,177,040","6","41.60","1","41.86","10","39,150,000","9,999.95","0.01"
"00868B","FT1-3年美公債","39.97","-0.10","39.97","39.97","39.97","100,000","3,997,000","2","39.95","10","39.97","12","5,324,000","9,999.95","0.01"
"00869B","FT10-25年公司債","40.05","-0.71","40.05","40.05","40.05","100,000","4,005,000","2","39.77","10","40.02","3","6,282,000","9,999.95","0.01"
"00870B","元大15年EM主權債","40.04","-0.26","40.04","40.04","39.88","589,000","23,557,730","34","39.92","60","40.04","20","296,651,000","9,999.95","0.01"
"00871B","元大中國政金債","38.97","-0.01","38.95","38.97","38.92","260,000","10,129,900","12","38.95","26","38.97","20","3,070,000","9,999.95","0.01"
"00872B","凱基美債1-3","40.37","-0.08","40.37","40.37","40.37","100,000","4,037,000","2","40.29","14","40.38","12","5,110,000","9,999.95","0.01"
"00873B","凱基新興債1-5","39.64","-0.04","39.57","39.64","39.50","178,000","7,037,980","26","39.61","10","39.63","3","1,877,000","9,999.95","0.01"
"00874B","凱基BBB公司債15+","39.54","-0.02","39.68","39.68","39.53","159,000","6,287,250","16","39.53","14","39.63","10","16,290,000","9,999.95","0.01"
"1240","茂生農經","56.10","-0.80","58.30","59.00","56.10","389,000","22,632,900","292","56.10","10","56.80","2","33,990,000","61.70","50.50"
"1258","其祥-KY","12.00","+0.10","12.05","12.15","11.90","65,000","779,800","36","11.95","2","12.05","10","36,819,791","13.20","10.80"
"1259","安心","71.00","-0.10","72.00","72.00","71.00","3,000","214,000","3","71.30","1","71.70","1","32,389,500","78.10","63.90"
"1264","德麥","217.50","除息","218.50","219.00","217.00","65,000","14,168,000","62","217.50","1","218.00","10","33,695,970","239.00","196.00"
"1268","漢來美食","135.00","+1.00","133.50","135.00","133.50","29,000","3,900,500","26","134.50","1","135.00","5","37,723,730","148.50","121.50"
"1336","台翰","15.90","+0.15","15.80","15.90","15.70","367,000","5,791,550","131","15.85","5","15.90","38","77,098,419","17.45","14.35"
"1565","精華","353.00","+6.50","352.00","353.00","349.50","193,000","67,782,500","184","352.50","3","353.00","3","50,416,516","388.00","318.00"
"1569","濱川","24.90","+1.10","24.35","25.00","24.00","1,175,000","28,832,150","524","24.85","1","24.90","5","113,443,686","27.35","22.45"
"1570","力肯","14.10","+0.10","14.15","14.30","14.00","173,000","2,454,000","68","14.05","10","14.10","5","51,500,839","15.50","12.70"
"1580","新麥","86.80","+0.70","86.50","87.40","86.50","107,000","9,301,600","96","86.70","5","86.80","11","50,230,242","95.40","78.20"
"1584","精剛","7.36","-0.02","7.38","7.42","7.35","105,000","774,720","41","7.35","2","7.38","5","82,470,533","8.09","6.63"
"1586","和勤","38.00","0.00","38.10","38.30","37.80","108,000","4,095,750","71","37.95","1","38.00","19","80,151,200","41.80","34.20"
"1591","駿吉-KY","21.00","-0.15","21.15","21.95","21.00","48,000","1,021,100","34","21.00","3","21.05","1","33,164,807","23.10","18.90"
"1593","祺驊","53.40","+1.40","52.00","54.70","52.00","179,000","9,609,500","130","53.30","1","53.50","1","31,948,455","58.70","48.10"
"1595","川寶","36.00","+0.30","37.20","37.20","35.80","92,000","3,336,250","76","35.95","1","36.20","1","47,148,134","39.60","32.40"
"1597","直得","94.00","+3.40","92.20","94.00","91.70","984,000","91,530,000","812","93.90","8","94.00","6","81,187,549","103.00","84.60"
"1599","宏佳騰","30.80","+0.50","30.55","31.00","30.50","22,000","677,850","15","30.85","1","30.95","5","73,458,823","33.85","27.75"
"1742","台蠟","22.70","+1.20","22.85","23.20","22.25","374,000","8,499,450","198","22.70","9","22.75","14","71,550,000","24.95","20.45"
"1752","南光","46.80","+2.20","47.95","47.95","45.20","7,577,000","355,168,950","5,008","46.80","22","46.90","12","100,988,472","51.40","42.15"
"1777","生泰","88.60","+0.40","89.00","89.80","87.80","202,000","17,936,000","160","88.30","6","88.70","2","30,059,550","97.40","79.80"
"1781","合世","28.65","+2.60","28.65","28.65","28.65","1,321,000","37,846,650","640","28.65","1,431","0.00","0","47,407,605","31.50","25.80"
"1784","訊聯","38.40","+0.60","38.30","38.45","37.75","866,000","33,025,550","566","38.30","8","38.40","11","49,626,924","42.20","34.60"
"1785","光洋科","36.35","+0.55","36.90","37.65","36.00","14,682,000","540,735,900","6,656","36.30","250","36.35","22","498,431,243","39.95","32.75"
"1788","杏昌","111.00","+0.50","110.50","112.00","109.50","35,000","3,874,500","32","109.50","12","111.00","2","36,000,000","122.00","99.90"
"1796","金穎生技","24.70","+0.40","24.20","24.80","24.20","15,000","368,750","7","24.15","2","24.70","2","27,893,391","27.15","22.25"
"1799","易威","25.90","+1.70","24.20","26.60","24.00","5,896,000","149,518,850","3,339","25.85","3","25.90","123","125,842,678","28.45","23.35"
"1813","寶利徠","22.80","+0.95","22.00","22.80","21.60","396,000","8,799,100","170","22.80","9","22.85","1","46,635,510","25.05","20.55"
"1815","富喬","10.45","+0.25","10.30","10.45","10.30","1,397,000","14,477,750","406","10.40","31","10.45","135","422,946,498","11.45","9.41"
"2035","唐榮","38.90","-0.10","39.10","39.10","38.90","3,000","117,000","3","38.90","1","39.00","5","350,000,000","42.75","35.05"
"2061","風青","8.30","-0.30","8.78","8.78","8.30","78,000","662,160","41","8.20","2","8.30","3","58,660,947","9.13","7.47"
"2063","世鎧","33.60","+0.10","33.80","33.80","33.55","10,000","336,450","7","33.60","4","33.85","1","45,000,000","36.95","30.25"
"2064","晉椿","----","---","----","----","----","0","0","0","11.15","10","11.30","3","69,630,000","12.25","10.05"
"2065","世豐","55.40","+1.20","54.70","55.90","54.70","234,000","12,921,900","178","55.30","2","55.40","14","32,919,559","60.90","49.90"
"2066","世德","55.60","+0.40","56.10","56.10","54.30","14,000","779,400","5","54.70","1","55.60","2","36,502,870","61.10","50.10"
"2067","嘉鋼","8.95","+0.14","8.88","8.95","8.88","16,000","142,540","7","8.81","4","8.95","5","45,138,177","9.84","8.06"
"2070","精湛","32.50","+1.50","31.40","32.50","31.40","27,000","872,150","16","31.55","2","32.50","4","35,782,800","35.75","29.25"
"2221","大甲","26.30","+0.15","26.30","26.45","26.25","32,000","842,450","24","26.30","1","26.35","1","42,325,000","28.90","23.70"
"2230","泰茂","13.05","+0.35","12.60","13.05","12.60","290,000","3,733,100","93","12.85","3","13.10","25","39,913,194","14.35","11.75"
"2235","謚源","49.10","+0.35","48.80","49.50","48.80","10,000","490,700","8","48.65","1","49.10","1","35,878,000","54.00","44.20"
"2596","綠意","20.85","+0.30","20.90","20.90","20.85","29,000","604,950","20","20.85","6","20.90","26","100,000,000","22.90","18.80"
"2640","大車隊","79.90","0.00","79.90","80.30","79.90","34,000","2,721,600","26","79.90","1","80.00","5","53,755,062","87.80","72.00"
"2641","正德","6.39","+0.03","6.38","6.43","6.35","209,000","1,332,020","75","6.36","41","6.39","1","151,124,642","7.02","5.76"
"2643","捷迅","52.60","+0.80","53.60","55.00","52.10","528,000","28,113,700","320","52.60","5","52.90","6","30,000,000","57.80","47.35"
"2718","晶悅","----","---","----","----","----","0","0","0","17.25","3","18.85","1","42,576,000","18.95","15.55"
"2719","燦星旅","19.90","0.00","20.95","20.95","19.90","47,000","958,700","22","19.80","5","19.90","8","18,272,100","21.85","17.95"
"2724","富驛-KY","3.17","-0.34","3.16","3.17","3.16","25,000","79,050","2","3.16","10","3.29","9","68,172,290","3.48","2.86"
"2726","雅茗-KY","63.20","+1.00","62.30","63.40","62.30","79,000","4,967,200","61","62.90","2","63.20","8","34,908,543","69.50","56.90"
"2729","瓦城","251.00","-0.50","249.00","253.50","249.00","68,000","17,162,500","66","250.50","1","253.00","2","23,266,000","276.00","226.00"
"2732","六角","158.00","0.00","159.00","161.00","158.00","578,000","92,086,000","466","158.00","27","159.00","3","40,642,897","173.50","142.50"
"2734","易飛網","13.00","-0.25","12.25","13.15","12.25","193,000","2,455,250","106","13.00","1","13.10","1","30,259,760","14.30","11.70"
"2736","高野","14.95","+0.55","15.40","15.40","14.55","183,000","2,735,250","84","14.85","2","14.95","3","48,992,383","16.40","13.50"
"2740","天蔥","21.40","+1.70","19.70","21.60","19.70","22,000","456,550","18","21.30","1","21.40","1","12,397,985","23.50","19.30"
"2743","山富","17.15","+0.20","17.60","17.60","17.00","52,000","891,350","30","17.10","5","17.15","2","32,031,700","18.85","15.45"
"2745","五福","20.40","+0.40","20.05","20.45","20.05","63,000","1,274,750","45","20.30","5","20.40","1","29,308,526","22.40","18.40"
"2752","豆府","146.00","+4.00","142.00","146.50","140.00","166,000","23,839,000","115","145.00","24","146.00","6","21,872,800","160.50","131.50"
"2916","滿心","17.25","+0.35","17.10","17.40","17.05","118,000","2,028,550","58","17.20","5","17.25","2","54,626,878","18.95","15.55"
"2924","東凌-KY","19.25","+0.05","19.00","19.25","19.00","3,000","57,450","3","19.30","2","20.90","1","32,805,174","21.15","17.35"
"2926","誠品生活","92.20","+0.90","93.00","93.00","92.20","6,000","556,400","6","92.20","2","92.50","1","47,389,650","101.00","83.00"
"2928","紅馬-KY","44.50","+1.35","43.40","45.40","43.40","277,000","12,342,550","227","44.50","6","44.95","1","47,301,154","48.95","40.05"
"2937","集雅社","32.30","+0.50","31.20","32.55","31.00","18,000","572,500","18","31.85","1","32.30","1","32,860,000","35.50","29.10"
"3064","泰偉","16.50","+0.05","16.45","16.50","16.20","27,000","443,750","17","16.45","4","16.50","2","84,105,141","18.15","14.85"
"3066","李洲","5.89","+0.14","5.89","5.89","5.89","1,000","5,890","1","5.65","1","5.88","1","83,070,612","6.47","5.31"
"3067","全域","25.00","+0.10","24.90","25.95","24.90","20,000","505,150","19","25.00","1","25.95","2","29,025,240","27.50","22.50"
"3071","協禧","20.80","+0.30","20.75","20.95","20.75","423,000","8,812,150","228","20.80","9","20.85","1","110,000,000","22.85","18.75"
"3073","凱柏實業","9.18","+0.06","9.18","9.18","9.18","1,000","9,180","1","9.13","4","9.50","1","24,743,895","10.05","8.27"
"3078","僑威","27.80","+0.95","27.20","27.90","27.10","2,474,000","68,204,450","929","27.80","17","27.85","15","227,391,064","30.55","25.05"
"3081","聯亞","280.00","+14.50","273.50","281.00","271.50","1,759,000","487,453,000","1,409","280.00","1","280.50","9","90,932,677","308.00","252.00"
"3083","網龍","89.00","-0.50","91.50","94.00","86.80","7,047,000","638,491,700","5,183","88.90","5","89.00","3","85,704,358","97.90","80.10"
"3085","新零售","2.00","-0.02","1.82","2.00","1.82","23,000","43,820","9","2.00","1","2.16","1","118,081,713","2.20","1.80"
"3086","華義","19.00","+1.70","19.00","19.00","19.00","8,000","152,000","8","18.10","1","0.00","0","13,417,400","20.90","17.10"
"3088","艾訊","56.10","+0.10","56.40","57.80","55.90","402,000","22,717,100","332","56.10","3","56.20","7","82,041,121","61.70","50.50"
"3089","元炬","19.70","+0.30","20.05","20.05","19.50","18,000","357,800","14","19.20","1","19.80","5","60,113,314","21.65","17.75"
"3092","鴻碩","41.90","+0.65","41.95","41.95","41.70","94,000","3,931,500","72","41.90","2","41.95","6","74,562,763","46.05","37.75"
"3093","港建","29.85","+0.70","29.75","29.90","29.75","8,000","238,750","8","29.60","5","29.90","2","36,288,894","32.80","26.90"
"3095","及成","1.97","0.00","1.97","1.97","1.96","13,000","25,600","4","1.96","3","1.98","4","109,276,321","2.16","1.78"
"3105","穩懋","296.50","+13.50","289.00","297.00","288.50","11,874,000","3,487,406,000","8,519","296.00","39","296.50","6","424,056,384","326.00","267.00"
"3114","好德","22.15","+0.30","21.90","22.25","21.90","51,000","1,128,000","23","22.15","11","22.25","2","56,000,000","24.35","19.95"
"3115","寶島極","13.45","-0.10","13.30","13.75","13.10","46,000","616,200","29","13.45","5","13.65","1","43,697,600","14.75","12.15"
"3118","進階","35.70","除息","35.30","37.20","34.00","1,229,000","43,594,650","873","35.70","2","35.80","6","32,452,860","39.25","32.15"
"3122","笙泉","11.60","+0.15","11.60","12.05","11.60","315,000","3,706,500","179","11.60","17","11.65","5","38,299,934","12.75","10.45"
"3128","昇銳","12.50","+0.20","12.35","12.60","12.35","55,000","683,700","44","12.50","1","12.55","5","42,000,000","13.75","11.25"
"3131","弘塑","227.00","+6.50","225.00","229.00","223.00","418,000","94,547,000","358","226.50","8","227.00","27","29,216,015","249.50","204.50"
"3141","晶宏","23.10","+0.25","23.00","23.15","22.90","126,000","2,903,050","80","23.10","2","23.20","12","63,917,496","25.40","20.80"
"3144","新揚科","24.20","+0.40","24.15","24.20","23.90","111,000","2,672,850","77","24.10","12","24.20","5","100,637,750","26.60","21.80"
"3147","大綜","35.20","+0.70","34.85","35.45","34.85","29,000","1,017,150","28","34.95","1","35.20","3","34,006,099","38.70","31.70"
"3152","璟德","355.00","+25.00","338.00","356.50","338.00","1,552,000","540,714,000","1,366","354.50","3","355.00","7","69,016,200","390.50","319.50"
"3162","精確","9.20","+0.10","9.30","9.30","9.20","32,000","295,430","7","9.21","3","9.50","4","126,531,342","10.10","8.28"
"3163","波若威","45.55","+1.05","45.25","45.85","45.10","628,000","28,554,050","368","45.55","6","45.60","20","75,286,899","50.10","41.00"
"3169","亞信","36.60","+0.55","35.95","36.80","35.95","75,000","2,738,800","53","36.60","1","36.80","9","54,440,650","40.25","32.95"
"3171","新洲","24.90","-0.20","25.20","26.00","24.90","726,000","18,458,350","337","24.90","2","25.00","5","59,203,515","27.35","22.45"
"3176","基亞","78.20","+7.10","78.20","78.20","78.20","4,469,000","349,475,800","1,960","78.20","6,258","0.00","0","138,985,505","86.00","70.40"
"3178","公準","62.40","+5.60","58.40","62.40","57.70","2,670,000","162,571,500","1,686","62.40","2,250","0.00","0","45,050,000","68.60","56.20"
"3188","鑫龍騰","14.15","-0.30","14.40","14.40","14.10","53,000","751,400","24","14.10","7","14.35","4","120,295,120","15.55","12.75"
"3191","和進","49.50","+3.10","47.70","49.95","47.20","1,793,000","87,136,200","1,157","49.45","5","49.50","28","57,194,761","54.40","44.55"
"3202","樺晟","19.35","+0.95","18.80","19.55","18.55","2,075,000","39,914,550","758","19.30","3","19.40","13","117,164,870","21.25","17.45"
"3205","佰研","42.50","+0.70","42.40","43.25","41.70","177,000","7,487,150","147","42.05","1","42.50","4","32,772,631","46.75","38.25"
"3206","志豐","28.70","+0.10","29.05","29.05","28.60","98,000","2,811,350","69","28.70","1","28.75","3","53,916,621","31.55","25.85"
"3207","耀勝","11.50","0.00","11.50","11.50","11.50","5,000","57,500","1","11.35","1","11.60","5","43,770,341","12.65","10.35"
"3211","順達","79.70","+1.20","79.80","79.80","78.60","1,840,000","145,484,100","1,045","79.70","15","79.80","64","147,480,521","87.60","71.80"
"3213","茂訊","49.95","0.00","50.20","50.40","49.85","186,000","9,294,400","140","49.90","4","49.95","8","58,685,547","54.90","45.00"
"3217","優群","99.00","0.00","100.50","101.50","98.30","1,031,000","102,802,000","811","99.00","14","99.10","1","82,104,203","108.50","89.10"
"3218","大學光","160.50","+1.00","165.00","167.00","160.50","4,714,000","772,486,000","3,336","160.50","45","161.00","1","76,123,000","176.50","144.50"
"3221","台嘉碩","20.85","+0.20","21.30","21.30","20.65","435,000","9,061,700","258","20.85","10","20.90","17","102,322,410","22.90","18.80"
"3224","三顧","51.90","+0.50","51.50","54.60","51.20","325,000","16,984,500","245","51.80","9","52.10","5","58,016,045","57.00","46.75"
"3226","至寶電","53.50","0.00","53.50","53.50","53.50","13,000","695,500","6","53.10","1","56.00","1","64,430,573","58.80","48.15"
"3227","原相","162.50","+3.50","162.00","162.50","160.50","2,485,000","401,650,000","1,772","162.00","34","162.50","83","139,396,257","178.50","146.50"
"3228","金麗科","52.00","+3.80","49.90","52.80","47.00","5,200,000","261,866,700","3,221","51.90","2","52.00","26","67,792,705","57.20","46.80"
"3230","錦明","5.90","+0.16","5.76","5.90","5.55","135,000","767,310","56","5.67","7","5.90","32","107,746,524","6.49","5.31"
"3232","昱捷","19.10","+0.20","19.05","19.35","19.05","263,000","5,047,950","163","19.05","10","19.10","5","36,567,865","21.00","17.20"
"3234","光環","38.75","+1.95","37.15","38.75","37.15","5,179,000","196,771,700","3,061","38.70","22","38.75","4","75,988,692","42.60","34.90"
"3236","千如","18.20","+0.30","18.40","18.45","18.10","245,000","4,481,850","171","18.20","5","18.30","1","92,920,896","20.00","16.40"
"3252","海灣","16.15","+0.20","15.90","16.55","15.80","125,000","2,018,100","63","16.15","1","16.20","1","50,195,754","17.75","14.55"
"3259","鑫創","13.60","-0.25","13.85","13.90","13.50","95,000","1,296,400","57","13.60","3","13.80","5","80,859,553","14.95","12.25"
"3260","威剛","58.10","+1.10","58.00","58.40","57.50","3,381,000","195,875,300","1,787","58.10","77","58.20","18","227,518,420","63.90","52.30"
"3264","欣銓","30.70","0.00","31.15","31.25","30.70","3,948,000","121,956,450","1,931","30.70","43","30.75","13","490,259,176","33.75","27.65"
"3265","台星科","23.60","+0.25","23.45","23.95","23.45","153,000","3,612,900","84","23.55","22","23.60","7","136,261,659","25.95","21.25"
"3268","海德威","10.50","+0.20","10.40","10.75","10.40","18,000","190,300","13","10.45","1","10.50","2","33,426,272","11.55","9.45"
"3272","東碩","22.05","+0.65","21.55","22.05","21.55","117,000","2,559,900","65","21.95","1","22.05","5","52,264,966","24.25","19.85"
"3276","宇環","9.35","+0.07","9.28","9.35","8.78","116,000","1,052,510","66","9.35","5","9.36","5","69,712,666","10.25","8.42"
"3284","太普高","12.10","0.00","12.20","12.25","12.10","10,000","121,500","8","12.10","8","12.20","2","55,961,790","13.30","10.90"
"3285","微端","14.40","0.00","14.50","14.50","14.35","14,000","202,350","11","14.40","2","14.55","2","44,109,324","15.80","13.00"
"3287","廣寰科","11.00","-0.30","11.70","11.70","11.00","550,000","6,177,650","227","11.00","55","11.10","3","43,970,483","12.10","9.90"
"3288","點晶","9.00","+0.22","9.00","9.10","9.00","7,000","63,300","4","8.81","1","9.09","1","22,660,060","9.90","8.10"
"3289","宜特","54.10","+3.30","52.20","54.20","52.10","2,947,000","157,044,900","1,828","54.00","8","54.10","2","93,575,121","59.50","48.70"
"3290","東浦","14.00","+0.40","13.65","14.00","13.65","43,000","590,450","30","13.85","1","14.00","3","99,548,926","15.40","12.60"
"3293","鈊象","630.00","+21.00","619.00","630.00","611.00","2,221,000","1,379,055,000","1,870","629.00","8","630.00","94","70,450,390","693.00","567.00"
"3294","英濟","13.70","+0.10","13.75","13.80","13.60","68,000","932,350","54","13.65","6","13.80","18","132,015,919","15.05","12.35"
"3297","杭特","12.85","+0.35","12.60","12.85","12.40","11,000","138,850","10","12.85","1","12.90","1","36,839,445","14.10","11.60"
"3303","岱稜","23.55","+0.20","23.35","23.90","23.35","320,000","7,560,300","139","23.55","6","23.65","6","96,089,607","25.90","21.20"
"3306","鼎天","17.95","+0.40","17.60","17.95","17.60","10,000","178,150","6","17.85","5","18.00","7","50,607,702","19.70","16.20"
"3310","佳穎","29.35","+0.05","29.35","29.35","29.30","13,000","381,400","12","29.30","4","29.35","4","50,225,269","32.25","26.45"
"3313","斐成","14.90","-0.25","15.35","15.35","14.85","109,000","1,631,600","57","14.90","9","15.10","1","98,770,776","16.35","13.45"
"3317","尼克森","38.10","+0.90","37.70","38.10","37.50","661,000","25,074,700","445","38.10","3","38.15","20","61,251,550","41.90","34.30"
"3322","建舜電","6.74","+0.02","6.72","6.78","6.72","63,000","423,980","34","6.74","33","6.75","8","96,651,520","7.41","6.07"
"3323","加百裕","31.15","+0.55","31.00","31.30","30.80","190,000","5,899,950","135","31.15","13","31.20","2","83,305,914","34.25","28.05"
"3324","雙鴻","171.00","+8.00","165.50","171.00","164.50","2,453,000","411,919,000","1,836","170.50","9","171.00","78","86,545,313","188.00","154.00"
"3325","旭品","18.70","+0.35","18.60","19.10","18.60","569,000","10,699,550","219","18.70","6","18.85","10","74,634,579","20.55","16.85"
"3332","幸康","----","---","----","----","----","0","0","0","28.85","1","31.00","2","48,104,246","32.85","26.95"
"3339","泰谷","2.79","+0.08","2.72","2.79","2.72","10,000","27,350","4","2.73","2","2.79","5","96,181,442","3.06","2.52"
"3354","律勝","12.25","+0.10","12.25","12.30","12.25","19,000","233,000","8","12.25","3","12.30","10","70,112,426","13.45","11.05"
"3360","尚立","16.15","+0.60","15.80","16.15","15.70","193,000","3,070,900","115","16.15","2","16.20","6","68,831,054","17.75","14.55"
"3362","先進光","38.55","+1.85","37.10","39.15","37.00","502,000","19,178,450","390","38.55","3","38.60","6","111,545,880","42.40","34.70"
"3363","上詮","24.60","+0.55","24.50","24.80","24.45","470,000","11,570,500","254","24.50","31","24.65","1","90,595,848","27.05","22.15"
"3372","典範","8.90","+0.10","8.90","8.90","8.80","48,000","424,920","25","8.90","4","8.94","1","172,100,000","9.79","8.01"
"3373","熱映","140.50","+8.00","135.00","141.00","128.50","7,966,000","1,077,281,500","5,295","140.50","18","141.00","100","43,289,801","154.50","126.50"
"3374","精材","82.30","+2.50","81.10","82.80","80.80","4,648,000","379,959,400","3,101","82.20","24","82.30","47","271,364,316","90.50","74.10"
"3379","彬台","8.96","+0.12","9.02","9.02","8.80","86,000","761,750","32","8.93","5","8.95","1","38,041,748","9.85","8.07"
"3388","崇越電","64.20","+0.70","63.60","64.20","63.30","62,000","3,947,200","43","64.00","6","64.30","1","74,061,000","70.60","57.80"
"3390","旭軟","15.30","+0.20","15.50","15.60","15.20","102,000","1,569,200","76","15.30","6","15.35","4","67,505,059","16.80","13.80"
"3402","漢科","29.00","+0.35","29.20","29.20","28.75","160,000","4,645,100","90","28.95","3","29.00","15","73,047,692","31.90","26.10"
"3426","台興","35.50","+0.60","35.50","35.50","35.00","21,000","741,800","18","35.00","1","35.50","15","26,400,000","39.05","31.95"
"3434","哲固","----","---","----","----","----","0","0","0","10.95","2","11.20","2","22,700,000","12.00","9.86"
"3438","類比科","31.35","+0.50","31.50","31.70","31.00","166,000","5,224,400","114","31.35","2","31.50","5","67,379,735","34.45","28.25"
"3441","聯一光","26.55","+0.65","25.90","27.10","25.90","259,000","6,899,300","215","26.55","1","26.65","1","40,039,920","29.20","23.90"
"3444","利機","39.80","+1.05","39.60","40.20","39.05","421,000","16,750,100","332","39.80","12","39.90","7","39,114,586","43.75","35.85"
"3455","由田","48.60","+0.70","48.05","48.75","48.05","218,000","10,579,700","190","48.55","10","48.60","7","61,468,750","53.40","43.75"
"3465","進泰電子","56.00","+2.00","56.90","56.90","55.80","12,000","673,500","10","56.00","2","56.80","1","32,160,335","61.60","50.40"
"3466","致振","16.05","+1.10","15.70","16.35","15.20","440,000","7,024,900","241","15.90","1","16.05","32","60,887,573","17.65","14.45"
"3479","安勤","66.60","+1.10","66.20","66.80","65.80","237,000","15,732,100","191","66.60","2","66.70","10","70,194,164","73.20","60.00"
"3483","力致","61.20","+2.00","60.20","61.30","59.90","1,130,000","68,458,400","754","61.20","13","61.30","10","61,027,360","67.30","55.10"
"3484","崧騰","24.80","+0.35","24.60","24.80","24.55","49,000","1,207,750","37","24.70","1","24.80","2","69,736,557","27.25","22.35"
"3489","森寶","10.75","+0.40","10.50","10.75","10.45","153,000","1,625,200","81","10.60","2","10.75","12","83,130,670","11.80","9.68"
"3490","單井","19.70","+0.40","19.55","19.75","19.45","120,000","2,355,150","83","19.65","6","19.70","5","57,006,435","21.65","17.75"
"3491","昇達科","80.60","+1.30","80.00","80.70","80.00","291,000","23,385,400","228","80.60","10","80.70","1","60,863,862","88.60","72.60"
"3492","長盛","16.95","+0.50","16.80","16.95","16.35","74,000","1,230,000","51","16.90","1","17.00","3","35,531,600","18.60","15.30"
"3498","陽程","33.30","+1.25","32.00","34.15","31.00","4,655,000","152,701,600","2,837","33.00","3","33.30","10","64,173,008","36.60","30.00"
"3499","環天科","11.85","+0.05","11.80","11.85","11.75","27,000","318,600","21","11.80","17","11.85","5","54,970,596","13.00","10.70"
"3508","位速","18.40","+0.10","18.35","18.85","18.35","292,000","5,418,750","157","18.40","2","18.55","2","102,267,737","20.20","16.60"
"3511","矽瑪","26.35","+0.55","26.15","26.55","26.15","308,000","8,106,150","206","26.30","4","26.35","2","79,972,945","28.95","23.75"
"3512","皇龍","29.40","除權","29.30","29.60","29.00","52,000","1,524,700","32","29.30","3","29.50","9","84,000,000","32.30","26.50"
"3516","亞帝歐","11.70","0.00","11.80","12.00","11.70","62,000","731,400","27","11.70","3","12.25","1","50,590,216","12.85","10.55"
"3520","振維","12.80","0.00","12.80","12.90","12.55","58,000","741,050","36","12.70","3","12.80","27","48,846,778","14.05","11.55"
"3521","鴻翊","11.50","+0.05","11.50","11.50","11.40","20,000","229,050","19","11.40","6","11.55","7","46,730,575","12.65","10.35"
"3522","御頂","11.40","-0.10","11.50","11.65","11.30","345,000","3,940,450","156","11.35","9","11.40","6","72,600,000","12.50","10.30"
"3523","迎輝","12.90","-0.15","13.05","13.30","12.85","152,000","1,991,350","45","12.90","2","13.05","7","88,049,780","14.15","11.65"
"3526","凡甲","92.20","+2.20","91.30","92.50","90.70","1,560,000","143,007,100","1,190","92.10","22","92.20","8","72,047,321","101.00","83.00"
"3527","聚積","93.70","+1.50","93.50","94.80","93.10","537,000","50,422,200","440","93.70","2","93.90","5","40,945,125","103.00","84.40"
"3529","力旺","457.50","-3.50","474.00","481.00","445.50","1,510,000","697,304,000","1,386","457.00","4","457.50","1","75,833,542","503.00","412.00"
"3531","先益","23.25","+0.15","23.10","23.30","22.95","56,000","1,293,000","29","23.25","1","23.30","4","61,175,011","25.55","20.95"
"3537","堡達","37.95","+0.70","37.55","39.00","37.55","500,000","19,028,650","349","37.95","9","38.00","5","48,695,220","41.70","34.20"
"3540","曜越","36.90","-0.35","37.25","37.35","35.70","7,790,000","285,289,900","4,820","36.80","2","36.95","65","66,613,044","40.55","33.25"
"3541","西柏","79.30","+1.00","78.90","80.50","78.90","164,000","13,080,200","109","79.30","2","79.50","1","49,321,087","87.20","71.40"
"3546","宇峻","87.70","+1.10","87.90","88.50","86.90","392,000","34,340,600","327","87.60","8","87.70","2","41,747,917","96.40","79.00"
"3548","兆利","62.20","+1.00","61.80","62.20","61.50","252,000","15,558,200","143","62.10","5","62.20","24","60,121,398","68.40","56.00"
"3551","世禾","45.50","+1.00","45.00","45.90","44.90","477,000","21,713,950","327","45.50","6","45.65","2","56,774,890","50.00","40.95"
"3552","同致","55.20","+0.60","56.20","56.90","55.20","442,000","24,621,400","335","55.20","18","55.50","5","85,592,949","60.70","49.70"
"3555","重鵬","28.70","-0.10","28.05","28.80","28.05","4,000","113,750","4","28.60","1","28.70","2","35,550,000","31.55","25.85"
"3556","禾瑞亞","62.20","+2.90","60.20","62.30","59.80","2,660,000","163,680,900","1,861","62.10","20","62.20","7","59,468,675","68.40","56.00"
"3558","神準","104.50","+1.00","104.50","105.00","104.00","117,000","12,220,500","108","104.50","7","105.00","9","49,060,881","114.50","94.10"
"3564","其陽","27.45","+0.05","28.00","28.00","27.45","18,000","495,700","9","27.45","1","27.90","2","59,123,100","30.15","24.75"
"3567","逸昌","26.05","+0.20","26.00","26.10","25.95","80,000","2,080,650","54","26.00","2","26.05","5","34,127,000","28.65","23.45"
"3570","大塚","100.50","+0.60","102.50","102.50","99.80","38,000","3,831,800","35","100.00","1","100.50","1","17,097,000","110.50","90.50"
"3577","泓格","29.80","+0.20","29.80","29.90","29.70","10,000","298,250","9","29.45","1","29.80","1","52,864,177","32.75","26.85"
"3580","友威科","23.85","-0.15","24.30","24.30","23.80","88,000","2,118,500","59","23.85","3","24.20","4","39,470,657","26.20","21.50"
"3581","博磊","14.85","+0.15","14.80","15.20","14.70","159,000","2,383,850","66","14.80","16","14.85","4","51,006,000","16.30","13.40"
"3587","閎康","74.90","+0.20","75.20","75.70","74.60","598,000","44,831,600","430","74.90","4","75.00","2","62,313,157","82.30","67.50"
"3594","磐儀","22.15","+2.00","21.45","22.15","21.15","716,000","15,796,900","236","22.15","237","0.00","0","64,227,502","24.35","19.95"
"3597","映興","16.55","-0.05","16.40","16.60","16.35","39,000","641,500","25","16.45","3","16.60","11","35,146,150","18.20","14.90"
"3609","東林","24.50","+0.80","23.80","24.60","23.65","65,000","1,557,400","49","24.00","10","24.50","1","30,679,387","26.95","22.05"
"3611","鼎翰","192.00","+1.50","192.00","193.00","191.00","58,000","11,150,500","51","192.00","1","192.50","3","42,476,940","211.00","173.00"
"3615","安可","15.75","+0.95","15.00","16.00","14.85","1,262,000","19,414,850","347","15.75","1","15.80","4","68,466,976","17.30","14.20"
"3623","富晶通","15.65","+0.05","15.85","15.85","15.30","30,000","465,600","22","15.35","3","15.65","2","29,209,571","17.20","14.10"
"3624","光頡","26.35","+0.65","26.20","26.60","26.05","421,000","11,075,000","307","26.30","10","26.40","5","117,340,842","28.95","23.75"
"3625","西勝","15.20","+0.35","14.90","15.30","14.90","208,000","3,138,550","100","15.10","12","15.20","7","82,096,002","16.70","13.70"
"3628","盈正","33.75","0.00","33.75","33.90","33.65","35,000","1,181,150","20","33.75","7","33.90","3","45,000,000","37.10","30.40"
"3629","地心引力","61.00","0.00","61.10","61.10","61.00","14,000","854,200","5","61.00","2","61.50","5","32,202,455","67.10","54.90"
"3630","新鉅科","51.20","+1.45","50.80","51.90","50.30","2,578,000","131,774,100","1,442","51.20","50","51.30","4","184,913,848","56.30","46.10"
"3631","晟楠","47.00","+0.20","47.00","47.50","46.80","72,000","3,386,400","45","47.00","1","47.15","1","79,920,909","51.70","42.30"
"3632","研勤","9.95","-0.01","10.10","10.10","9.75","56,000","555,560","36","9.95","1","9.96","1","58,089,738","10.90","8.96"
"3642","駿熠電","16.00","+0.50","15.40","16.00","15.25","54,000","836,800","30","15.40","1","16.00","1","34,368,642","17.60","14.40"
"3646","艾恩特","17.10","+0.55","16.75","17.20","16.75","339,000","5,746,450","181","16.90","10","17.10","15","39,297,371","18.80","15.40"
"3652","精聯","17.05","+1.55","15.95","17.05","15.80","627,000","10,591,750","219","17.05","116","0.00","0","47,097,500","18.75","15.35"
"3663","鑫科","18.65","+0.05","18.50","18.90","18.45","191,000","3,552,950","58","18.60","2","18.75","1","73,498,057","20.50","16.80"
"3664","安瑞-KY","11.25","-0.10","11.25","11.35","11.25","11,000","124,000","8","11.20","1","11.30","2","51,098,332","12.35","10.15"
"3666","光耀","15.45","+0.15","15.40","15.55","15.30","37,000","571,250","23","15.45","5","15.55","2","48,299,600","16.95","13.95"
"3672","康聯訊","10.85","+0.05","10.75","11.20","10.75","10,000","110,350","9","10.85","5","11.25","2","32,668,375","11.90","9.77"
"3675","德微","75.60","-1.80","79.00","79.50","73.10","2,094,000","159,914,600","1,473","75.60","2","75.70","2","44,428,250","83.10","68.10"
"3680","家登","229.50","+7.00","228.00","232.50","225.00","2,922,000","669,864,000","2,251","229.50","12","230.00","27","74,060,582","252.00","207.00"
"3684","榮昌","36.80","+1.00","36.20","37.05","35.80","54,000","1,978,500","36","36.50","2","36.85","2","24,591,536","40.45","33.15"
"3685","元創精密","19.95","+0.30","19.55","19.95","19.55","9,000","178,800","9","19.65","1","19.95","1","79,990,000","21.90","18.00"
"3687","歐買尬","59.80","+1.30","60.80","60.80","59.20","533,000","31,941,100","408","59.80","1","59.90","4","30,059,572","65.70","53.90"
"3689","湧德","27.60","+1.00","27.75","29.25","27.60","1,999,000","57,428,300","940","27.60","4","27.75","1","69,675,807","30.35","24.85"
"3691","碩禾","89.60","+0.70","89.50","90.30","88.90","190,000","16,983,500","153","89.60","13","89.70","2","63,675,036","98.50","80.70"
"3693","營邦","75.80","+4.80","73.80","76.50","72.00","1,425,000","107,001,300","1,110","75.80","9","76.00","5","38,490,694","83.30","68.30"
"3707","漢磊","26.60","+0.50","26.30","26.80","26.30","5,212,000","138,469,100","2,509","26.55","67","26.60","2","296,036,597","29.25","23.95"
"3709","鑫聯大投控","20.30","-0.50","20.80","20.80","20.15","113,000","2,296,350","74","20.30","1","20.35","1","79,569,450","22.30","18.30"
"3710","連展投控","7.87","+0.71","7.30","7.87","7.30","3,223,000","24,990,740","690","7.87","4,825","0.00","0","207,290,721","8.65","7.09"
"3713","新晶投控","27.60","0.00","26.40","27.90","26.30","842,000","22,953,950","410","27.60","53","27.70","7","78,090,000","30.35","24.85"
"4102","永日","33.05","+3.00","33.05","33.05","30.95","9,283,000","300,686,800","4,906","33.05","607","0.00","0","42,373,443","36.35","29.75"
"4105","東洋","75.00","+1.10","74.80","75.10","74.40","343,000","25,637,100","271","74.90","1","75.00","21","248,649,959","82.50","67.50"
"4107","邦特","142.50","+1.50","142.00","145.50","140.00","1,138,000","162,343,000","737","142.50","104","143.00","15","69,298,336","156.50","128.50"
"4109","加捷生醫","15.80","-0.15","16.15","16.40","15.70","244,000","3,901,450","138","15.80","3","15.85","2","68,936,681","17.35","14.25"
"4111","濟生","28.05","+0.15","28.00","28.60","27.80","387,000","10,894,000","261","28.00","17","28.05","1","56,982,985","30.85","25.25"
"4113","聯上","14.05","+0.65","13.70","14.20","13.70","523,000","7,322,500","272","14.05","8","14.10","7","211,138,137","15.45","12.65"
"4114","健喬","23.90","+0.10","24.20","24.30","23.80","965,000","23,173,350","531","23.90","9","23.95","3","244,168,526","26.25","21.55"
"4116","明基醫","33.85","+0.90","33.85","33.85","33.20","142,000","4,761,850","97","33.60","1","33.85","5","44,566,000","37.20","30.50"
"4120","友華","50.00","+0.15","50.30","50.80","49.90","66,000","3,304,900","54","50.00","1","50.10","2","86,747,119","55.00","45.00"
"4121","優盛","22.40","+1.60","21.35","22.75","21.30","16,812,000","371,502,950","8,881","22.35","74","22.40","27","73,316,764","24.60","20.20"
"4123","晟德","77.10","-1.40","80.00","80.00","77.00","6,310,000","492,380,400","3,511","77.10","115","77.20","3","421,323,057","84.80","69.40"
"4126","太醫","84.20","+0.10","87.00","87.00","84.20","626,000","53,170,200","425","84.20","14","84.30","5","66,015,216","92.60","75.80"
"4127","天良","12.10","+1.10","11.20","12.10","11.15","737,000","8,790,300","305","12.10","409","0.00","0","45,760,000","13.30","10.90"
"4128","中天","43.45","+3.95","43.45","43.45","43.45","356,000","15,468,200","204","43.45","115,978","0.00","0","425,342,650","47.75","39.15"
"4129","聯合","34.95","+0.50","34.85","35.15","34.50","117,000","4,086,050","91","34.85","1","34.95","4","80,420,847","38.40","31.50"
"4129A","聯合甲特","48.20","+0.10","48.10","48.20","48.10","18,000","867,150","14","48.20","1","48.35","1","10,000,000","53.00","43.40"
"4130","健亞","36.65","+2.35","37.70","37.70","35.10","20,803,000","763,129,800","11,001","36.65","13","36.70","16","105,814,900","40.30","33.00"
"4131","晶宇","4.30","-0.07","4.30","4.30","4.30","11,000","47,300","6","4.30","3","4.37","3","48,291,934","4.73","3.87"
"4138","曜亞","51.30","+0.40","51.70","52.60","51.20","400,000","20,783,300","283","51.30","1","52.00","4","30,000,000","56.40","46.20"
"4139","馬光-KY","61.30","-0.20","61.60","62.80","59.60","772,000","47,092,800","600","61.10","2","61.30","7","41,962,437","67.40","55.20"
"4147","中裕","91.50","+1.50","92.80","92.80","91.10","658,000","60,422,200","502","91.50","6","91.60","4","252,198,000","100.50","82.40"
"4152","台微體","72.70","-0.30","73.00","73.90","72.10","58,000","4,225,800","51","72.60","3","73.00","2","84,188,934","79.90","65.50"
"4153","鈺緯","30.60","+0.50","30.90","31.15","30.30","109,000","3,335,850","83","30.35","4","30.65","5","74,366,574","33.65","27.55"
"4154","康樂-KY","31.70","-0.15","31.50","32.00","31.40","30,000","954,200","25","31.55","1","31.80","1","24,326,000","34.85","28.55"
"4157","太景*-KY","20.70","+0.85","20.50","21.30","20.30","12,205,000","253,569,950","5,388","20.70","6","20.75","46","716,840,425","22.75","18.65"
"4160","創源","30.50","+0.20","30.85","31.30","30.15","169,000","5,140,550","127","30.30","3","30.50","2","24,247,016","33.55","27.45"
"4161","聿新科","33.85","+0.20","33.65","36.00","33.65","395,000","13,677,100","271","33.80","7","34.05","1","52,659,736","37.20","30.50"
"4162","智擎","74.40","-1.20","75.60","77.90","72.50","7,625,000","569,775,500","5,242","74.30","1","74.40","4","146,666,840","81.80","67.00"
"4163","鐿鈦","127.50","+1.50","127.50","128.00","127.50","44,000","5,619,500","39","127.50","6","128.00","13","40,241,787","140.00","115.00"
"4167","展旺","42.75","+3.05","41.30","43.65","41.15","49,199,000","2,092,096,450","25,154","42.75","294","42.80","23","268,394,013","47.00","38.50"
"4168","醣聯","34.05","+0.75","36.00","36.60","33.80","7,624,000","268,091,450","4,570","34.05","6","34.20","10","81,910,956","37.45","30.65"
"4171","瑞基","401.00","-4.00","414.00","414.00","400.50","558,000","226,143,000","493","400.50","12","401.00","4","40,590,000","441.00","361.00"
"4173","久裕","22.00","+0.60","21.95","22.35","21.60","2,941,000","64,769,650","1,539","22.00","3","22.10","9","74,574,355","24.20","19.80"
"4174","浩鼎","113.00","+1.00","115.00","115.50","112.00","520,000","59,012,500","408","113.00","6","113.50","5","188,228,674","124.00","102.00"
"4175","杏一","75.90","+0.80","75.50","76.00","75.50","31,000","2,352,400","30","75.50","4","75.80","1","31,612,375","83.40","68.40"
"4183","福永生技","20.00","+0.20","19.65","20.45","19.65","133,000","2,643,450","82","19.80","1","20.00","18","23,800,000","22.00","18.00"
"4188","安克","21.60","-0.40","22.10","22.70","21.60","293,000","6,418,550","197","21.60","14","21.65","1","53,221,400","23.75","19.45"
"4192","杏國","60.50","-1.10","63.60","63.80","60.00","1,232,000","76,840,200","828","60.40","8","60.50","4","97,367,000","66.50","54.50"
"4198","環瑞醫","4.17","-0.03","4.02","4.17","4.02","48,000","194,090","26","4.17","2","4.20","30","65,540,000","4.58","3.76"
"4205","中華食","90.40","+1.00","89.50","90.50","89.50","31,000","2,788,400","25","90.10","1","90.50","1","80,701,842","99.40","81.40"
"4207","環泰","10.85","+0.05","10.85","10.85","10.70","31,000","333,350","17","10.75","2","10.85","2","172,928,832","11.90","9.77"
"4303","信立","20.50","+0.45","21.45","21.45","20.50","6,000","124,550","5","20.10","1","20.45","2","70,000,000","22.55","18.45"
"4304","勝昱","4.79","-0.15","4.92","5.08","4.47","22,000","104,370","9","4.63","1","4.79","1","36,038,065","5.26","4.32"
"4305","世坤","34.50","0.00","34.50","34.50","34.50","3,000","103,500","2","33.60","1","34.90","3","55,014,000","37.95","31.05"
"4401","東隆興","27.10","+0.20","27.40","27.55","27.00","269,000","7,334,500","159","27.10","15","27.25","4","120,286,286","29.80","24.40"
"4402","福大","5.96","+0.10","5.99","6.00","5.70","268,000","1,571,180","91","5.85","5","5.97","10","45,991,830","6.55","5.37"
"4406","新昕纖","8.94","+0.24","8.90","8.94","8.85","15,000","133,130","8","8.85","1","8.93","1","51,912,000","9.83","8.05"
"4413","飛寶企業","12.70","-0.65","12.75","12.85","12.70","12,000","152,950","10","12.55","1","12.70","1","31,314,689","13.95","11.45"
"4416","三圓","79.50","-0.80","80.30","80.40","79.50","7,000","559,700","7","79.30","1","80.30","1","60,015,612","87.40","71.60"
"4417","金洲","31.85","+0.35","31.50","31.95","31.50","32,000","1,014,950","24","31.70","2","31.85","1","83,971,399","35.00","28.70"
"4419","元勝","----","---","----","----","----","0","0","0","0.00","0","6.50","1","35,578,917","6.50","5.32"
"4420","光明","23.15","+0.25","22.90","23.40","22.80","33,000","762,950","28","23.05","3","23.30","1","40,455,000","25.45","20.85"
"4429","聚紡","33.65","-2.30","32.65","33.65","32.55","4,000","131,450","4","33.65","1","35.30","2","34,350,000","37.00","30.30"
"4430","耀億","25.60","+0.25","25.50","25.75","25.50","69,000","1,764,500","49","25.60","8","25.65","3","56,273,609","28.15","23.05"
"4432","銘旺實","13.20","+0.10","13.30","13.50","13.10","119,000","1,576,200","62","13.10","16","13.20","4","50,589,000","14.50","11.90"
"4433","興采","31.15","+0.10","31.00","31.50","30.95","96,000","3,004,200","65","31.10","4","31.45","1","46,400,935","34.25","28.05"
"4502","健信","52.10","-0.60","53.10","53.20","52.10","33,000","1,743,900","24","52.40","2","52.90","2","49,768,163","57.30","46.90"
"4503","金雨","17.30","+0.30","17.20","17.30","17.05","52,000","891,450","26","17.20","8","17.30","1","39,263,326","19.00","15.60"
"4506","崇友","58.30","+0.10","58.20","59.20","58.00","22,000","1,280,900","21","58.10","8","58.40","3","177,012,000","64.10","52.50"
"4510","高鋒","10.05","+0.07","10.00","10.05","9.87","71,000","710,630","37","9.95","1","10.05","45","108,010,689","11.05","9.05"
"4513","福裕","7.77","+0.19","7.58","8.04","7.58","135,000","1,055,250","76","7.73","4","7.78","13","76,880,300","8.54","7.00"
"4523","永彰","22.00","-0.35","23.00","23.00","22.00","109,000","2,449,450","90","22.00","4","22.40","1","64,000,000","24.20","19.80"
"4527","方土霖","25.50","-0.25","25.75","26.30","25.50","24,000","620,000","21","25.50","1","25.80","6","76,152,370","28.05","22.95"
"4528","江興鍛","42.60","+0.55","42.20","42.60","42.20","37,000","1,568,050","29","42.60","1","42.65","12","76,514,268","46.85","38.35"
"4529","淳紳","9.99","+0.32","9.96","10.25","9.95","228,000","2,288,760","87","9.98","2","10.05","3","82,773,846","10.95","9.00"
"4530","宏易","10.40","+0.05","10.20","10.40","10.10","51,000","520,300","33","10.35","5","10.75","7","46,172,276","11.40","9.36"
"4533","協易機","11.20","+0.10","11.15","11.35","11.00","161,000","1,804,100","58","11.10","4","11.20","1","158,434,110","12.30","10.10"
"4534","慶騰","7.13","+0.05","7.20","7.20","6.98","83,000","585,250","37","7.05","10","7.18","3","89,193,948","7.84","6.42"
"4535","至興","28.80","+0.25","28.50","28.95","28.50","55,000","1,582,250","30","28.05","2","28.90","1","75,661,740","31.65","25.95"
"4538","大詠城","14.75","-0.05","14.80","15.15","14.75","18,000","266,850","12","14.80","1","14.90","4","47,600,000","16.20","13.30"
"4541","晟田","20.00","+0.10","19.90","20.00","19.65","66,000","1,308,200","52","19.70","2","20.00","15","69,499,068","22.00","18.00"
"4542","科嶠","24.45","+0.45","23.15","24.45","23.15","31,000","731,750","26","23.35","2","24.50","1","28,285,400","26.85","22.05"
"4543","萬在","15.10","+0.05","15.05","15.20","15.00","102,000","1,543,950","25","15.10","2","15.20","3","56,970,000","16.60","13.60"
"4549","桓達","71.30","+0.50","71.50","71.60","71.00","15,000","1,069,800","14","71.10","2","71.50","1","42,383,685","78.40","64.20"
"4550","長佳","26.65","+0.10","26.60","26.70","26.55","71,000","1,890,300","37","26.60","1","26.70","2","37,096,846","29.30","24.00"
"4554","橙的","20.30","-0.30","20.95","20.95","20.30","10,000","204,150","10","20.30","11","20.75","1","21,374,900","22.30","18.30"
"4556","旭然","34.20","+0.20","34.10","34.20","34.05","17,000","580,950","10","33.85","1","34.25","3","41,742,000","37.60","30.80"
"4561","健椿","27.20","+0.05","27.35","27.35","26.90","64,000","1,731,500","48","27.20","1","27.25","4","58,521,619","29.90","24.50"
"4563","百德","36.45","+0.25","36.45","36.50","36.45","14,000","510,600","12","36.35","4","36.50","7","54,950,000","40.05","32.85"
"4568","科際精密","53.30","-1.10","53.40","53.40","53.30","2,000","106,700","2","54.10","1","55.80","1","30,246,500","58.60","48.00"
"4580","捷流閥業","106.00","+5.00","104.00","106.00","104.00","264,000","27,691,000","194","105.50","7","106.00","1","39,132,000","116.50","95.40"
"4609","唐鋒","8.24","-0.06","8.31","8.44","8.24","17,000","141,430","8","8.24","2","8.43","2","47,946,820","9.06","7.42"
"4702","中美實","9.97","+0.03","9.75","10.00","9.75","139,000","1,380,090","75","9.97","1","9.98","6","72,333,200","10.95","8.98"
"4706","大恭","16.05","0.00","16.20","16.20","16.05","21,000","337,800","10","16.05","8","16.10","1","79,030,093","17.65","14.45"
"4707","磐亞","11.30","+0.20","11.25","11.35","11.10","3,340,000","37,700,850","786","11.25","22","11.30","31","286,567,177","12.40","10.20"
"4711","永純","14.25","+0.10","14.25","14.40","14.25","32,000","458,050","20","14.15","11","14.30","12","61,056,000","15.65","12.85"
"4712","南璋","9.99","+0.09","9.89","10.00","9.89","52,000","517,920","26","9.94","1","10.00","23","66,988,927","10.95","9.00"
"4714","永捷","14.55","+0.30","14.35","14.55","14.30","478,000","6,903,750","205","14.50","8","14.55","30","103,593,386","16.00","13.10"
"4716","大立","14.30","+0.15","14.20","14.35","14.20","63,000","897,800","16","14.20","9","14.30","7","75,171,561","15.70","12.90"
"4721","美琪瑪","57.30","+0.70","57.90","58.00","57.30","270,000","15,532,600","224","57.20","13","57.30","1","74,986,304","63.00","51.60"
"4726","永昕","38.65","+0.05","38.60","40.80","38.05","6,178,000","240,936,750","3,921","38.65","11","38.70","11","127,954,500","42.50","34.80"
"4728","雙美","81.70","+3.80","79.50","81.90","78.90","603,000","48,541,500","478","81.50","4","81.70","24","54,463,000","89.80","73.60"
"4729","熒茂","24.20","+0.95","23.90","24.60","22.45","3,429,000","81,949,350","2,226","24.15","23","24.20","3","104,667,000","26.60","21.80"
"4735","豪展","83.50","-0.50","84.10","85.40","82.40","1,979,000","165,733,600","1,207","83.50","9","83.60","1","37,555,138","91.80","75.20"
"4736","泰博","273.50","+4.50","273.00","273.50","268.00","1,251,000","339,374,500","1,032","273.00","19","273.50","20","84,294,496","300.50","246.50"
"4741","泓瀚","25.00","+0.15","24.90","25.00","24.90","11,000","274,150","6","24.90","1","25.00","2","32,841,584","27.50","22.50"
"4743","合一","189.50","+17.00","189.50","189.50","189.50","385,000","72,957,500","170","189.50","24,262","0.00","0","353,117,577","208.00","171.00"
"4744","皇將","38.35","+0.15","38.30","38.95","38.15","144,000","5,550,050","81","38.25","4","38.40","4","46,995,664","42.15","34.55"
"4745","合富-KY","32.85","+0.65","32.65","33.00","32.65","48,000","1,573,750","43","32.65","5","32.95","1","73,761,473","36.10","29.60"
"4747","強生","41.35","+0.65","40.85","41.85","40.85","90,000","3,724,350","74","41.25","6","41.50","4","30,018,750","45.45","37.25"
"4754","國碳科","55.60","+0.10","55.10","55.60","55.00","6,000","332,200","6","55.10","1","55.60","1","18,761,208","61.10","50.10"
"4760","勤凱","78.60","+2.20","78.30","79.60","77.10","300,000","23,526,700","247","78.60","1","78.80","6","29,500,000","86.40","70.80"
"4767","誠泰科技","22.70","0.00","23.30","23.30","22.70","14,000","318,500","11","22.50","1","22.70","6","31,415,000","24.95","20.45"
"4803","VHQ-KY","71.00","+0.60","71.80","71.80","70.50","279,000","19,773,900","222","70.80","1","71.00","1","39,379,487","78.10","63.90"
"4804","大略-KY","9.24","-0.06","9.32","9.43","9.20","38,000","353,140","29","9.23","3","9.24","1","44,694,920","10.15","8.32"
"4806","昇華","8.29","0.00","8.49","8.49","8.29","2,000","16,780","2","8.10","1","8.30","19","41,974,185","9.11","7.47"
"4903","聯光通","11.00","0.00","11.00","11.40","10.40","77,000","840,400","43","11.00","2","11.15","2","90,279,327","12.10","9.90"
"4905","台聯電","49.15","+1.05","48.30","49.15","48.30","9,000","435,550","5","48.30","8","49.20","1","36,822,516","54.00","44.25"
"4907","富宇","26.60","-0.05","26.65","26.85","25.85","43,000","1,138,600","37","26.15","1","26.60","2","118,145,778","29.25","23.95"
"4908","前鼎","36.55","+1.15","36.20","36.70","35.95","401,000","14,581,000","266","36.50","1","36.55","2","78,216,907","40.20","32.90"
"4909","新復興","15.15","+0.40","14.95","15.15","14.90","89,000","1,333,750","76","15.05","2","15.15","7","93,356,864","16.65","13.65"
"4911","德英","40.60","-0.40","41.00","41.75","39.20","114,000","4,628,200","65","40.70","1","40.80","1","55,660,000","44.65","36.55"
"4924","欣厚-KY","6.85","0.00","6.90","6.90","6.71","12,000","82,360","8","6.73","2","6.85","4","37,164,409","7.53","6.17"
"4931","新盛力","26.70","+0.15","27.30","27.30","26.60","551,000","14,719,750","317","26.70","12","26.90","3","61,975,761","29.35","24.05"
"4933","友輝","23.10","+0.45","22.80","23.20","22.80","113,000","2,599,450","63","23.10","1","23.20","2","78,254,675","25.40","20.80"
"4939","亞電","13.45","+0.25","13.45","13.70","13.35","172,000","2,324,550","107","13.45","7","13.55","2","98,200,868","14.75","12.15"
"4944","兆遠","8.76","-0.19","8.90","9.00","8.76","198,000","1,761,860","43","8.75","4","8.76","1","207,254,946","9.63","7.89"
"4946","辣椒","12.70","+0.45","12.70","13.00","12.30","111,000","1,400,050","64","12.70","3","12.80","1","27,320,796","13.95","11.45"
"4950","牧東","6.58","+0.13","6.57","6.79","6.34","82,000","533,560","48","6.58","1","6.59","6","45,779,000","7.23","5.93"
"4953","緯軟","89.30","+1.10","89.90","90.30","88.50","645,000","57,556,900","504","89.30","17","89.40","8","66,401,104","98.20","80.40"
"4966","譜瑞-KY","943.00","+32.00","950.00","950.00","925.00","1,047,000","982,308,000","979","940.00","2","944.00","3","80,002,087","1,035.00","849.00"
"4971","IET-KY","54.30","+0.60","54.00","55.40","54.00","208,000","11,367,300","99","54.30","4","54.50","1","36,532,543","59.70","48.90"
"4972","湯石照明","28.85","除息","28.90","28.95","28.70","158,000","4,559,550","127","28.85","6","28.90","3","40,253,303","31.70","26.00"
"4973","廣穎","27.50","+1.35","26.65","27.70","26.50","4,267,000","116,515,900","2,155","27.45","9","27.50","30","63,505,833","30.25","24.75"
"4974","亞泰","54.90","+1.20","54.50","54.90","54.20","470,000","25,609,500","292","54.60","13","54.90","9","72,500,104","60.30","49.45"
"4979","華星光","22.15","+0.85","21.55","22.35","21.55","2,722,000","59,890,150","1,382","22.15","35","22.20","6","119,980,279","24.35","19.95"
"4987","科誠","50.90","+0.70","50.30","50.90","50.20","26,000","1,311,500","20","50.40","3","50.80","1","25,200,000","55.90","45.85"
"4991","環宇-KY","51.80","+0.70","52.00","52.10","51.60","207,000","10,731,900","155","51.80","7","51.90","2","91,351,504","56.90","46.65"
"4995","晶達","46.40","+1.30","45.50","46.80","45.50","45,000","2,084,000","38","46.10","1","46.40","7","41,774,036","51.00","41.80"
"5009","榮剛","16.35","+0.05","16.30","16.40","16.30","295,000","4,821,850","119","16.35","4","16.40","13","466,735,991","17.95","14.75"
"5011","久陽","15.30","+0.30","15.00","15.30","15.00","10,000","152,000","3","15.05","2","15.50","1","41,135,869","16.80","13.80"
"5013","強新","25.00","+0.20","24.80","25.00","24.80","18,000","448,550","10","24.60","5","24.95","1","133,416,000","27.50","22.50"
"5014","建錩","7.92","-0.10","8.02","8.05","7.90","302,000","2,408,620","131","7.92","4","7.97","3","165,333,054","8.71","7.13"
"5015","華祺","35.50","+0.50","35.20","35.90","35.20","20,000","709,800","13","35.40","1","35.50","4","60,639,189","39.05","31.95"
"5016","松和","29.20","+0.20","29.00","29.20","29.00","17,000","493,900","5","29.00","1","29.20","5","49,622,076","32.10","26.30"
"5102","富強","15.45","0.00","15.45","15.50","15.45","31,000","479,350","10","15.45","2","15.50","9","64,085,067","16.95","13.95"
"5201","凱衛","32.00","+0.10","32.35","32.35","31.50","42,000","1,334,100","27","31.70","1","32.00","6","30,674,600","35.20","28.80"
"5202","力新","14.00","0.00","14.00","14.00","14.00","3,000","42,000","3","13.65","1","14.45","2","59,094,000","15.40","12.60"
"5205","中茂","9.97","+0.90","9.97","9.97","9.97","8,000","79,760","5","9.97","8","0.00","0","18,005,200","10.95","8.98"
"5206","坤悅","16.90","+0.05","16.90","17.05","16.85","491,000","8,331,000","222","16.90","28","16.95","5","148,500,000","18.55","15.25"
"5209","新鼎","62.20","+0.40","63.10","63.10","61.60","74,000","4,605,200","54","61.40","4","62.20","2","23,495,000","68.40","56.00"
"5210","寶碩","6.78","+0.08","6.80","6.89","6.60","141,000","944,940","58","6.75","30","6.84","1","63,699,779","7.45","6.11"
"5211","蒙恬","14.30","+0.30","14.00","14.45","14.00","74,000","1,054,950","43","14.30","4","14.35","1","32,024,727","15.70","12.90"
"5212","凌網","51.10","+2.60","49.20","52.60","48.85","619,000","31,621,600","513","51.10","1","51.40","2","34,633,000","56.20","46.00"
"5213","亞昕","14.75","-0.25","15.00","15.10","14.70","497,000","7,372,300","188","14.75","15","14.85","1","346,195,432","16.20","13.30"
"5220","萬達光電","36.70","+0.30","37.00","37.25","36.15","512,000","18,877,600","326","36.70","6","36.90","5","39,667,000","40.35","33.05"
"5223","安力-KY","36.20","+1.45","35.05","36.20","35.05","69,000","2,465,100","46","35.90","3","35.95","2","43,247,700","39.80","32.60"
"5230","雷笛克光學","22.80","+0.30","22.65","22.80","22.65","12,000","272,300","10","22.70","1","22.75","2","48,955,824","25.05","20.55"
"5245","智晶","43.85","+1.30","43.40","44.40","43.30","995,000","43,563,700","678","43.85","1","43.90","8","44,990,000","48.20","39.50"
"5251","天鉞電","14.15","+0.05","14.15","14.15","14.00","88,000","1,236,500","42","14.10","4","14.15","5","35,444,977","15.55","12.75"
"5263","智崴","113.50","+2.00","111.50","114.00","111.50","67,000","7,589,500","59","113.50","2","114.00","8","55,747,410","124.50","102.50"
"5272","笙科","18.35","+0.35","18.00","18.50","18.00","91,000","1,658,900","66","18.35","2","18.40","1","56,424,118","20.15","16.55"
"5274","信驊","1,340.00","+80.00","1,310.00","1,340.00","1,305.00","447,000","594,740,000","436","1,330.00","3","1,345.00","15","34,224,801","1,470.00","1,210.00"
"5276","達輝-KY","8.21","0.00","8.21","8.30","8.16","15,000","123,380","11","8.10","1","8.28","1","39,500,000","9.03","7.39"
"5278","尚凡","131.50","+1.00","131.00","132.00","131.00","29,000","3,817,500","27","131.00","7","131.50","1","15,247,350","144.50","118.50"
"5281","大峽谷-KY","22.00","-0.10","22.00","22.10","21.95","9,000","198,200","8","21.95","4","22.10","3","37,010,000","24.20","19.80"
"5287","數字","232.00","+2.50","230.00","233.50","230.00","55,000","12,785,500","55","232.00","4","233.00","1","42,575,500","255.00","209.00"
"5289","宜鼎","178.50","+2.50","177.50","179.50","177.50","372,000","66,483,000","298","178.50","48","179.50","16","79,729,451","196.00","161.00"
"5291","邑昇","22.20","+0.35","21.90","22.20","21.90","84,000","1,855,300","61","22.15","1","22.20","7","38,824,917","24.40","20.00"
"5299","杰力","113.50","+1.50","114.00","114.50","112.50","814,000","92,321,500","581","113.00","52","114.00","48","35,228,981","124.50","102.50"
"5301","寶得利","11.15","+0.70","10.80","11.15","10.55","182,000","1,980,700","99","11.00","4","11.15","7","137,975,000","12.25","10.05"
"5302","太欣","5.63","0.00","5.71","5.83","5.63","111,000","629,780","38","5.64","2","5.66","3","162,377,000","6.19","5.07"
"5304","鼎創達","2.30","+0.07","2.18","2.35","2.18","33,000","74,110","16","2.21","17","2.30","7","326,962,436","2.53","2.07"
"5306","桂盟","140.00","+4.00","142.00","145.00","139.50","1,687,000","239,657,500","1,213","140.00","296","140.50","3","126,000,000","154.00","126.00"
"5309","系統電","23.00","0.00","23.30","23.35","23.00","1,213,000","28,106,900","530","23.00","129","23.10","28","151,154,709","25.30","20.70"
"5310","天剛","7.80","-0.25","8.05","8.05","7.52","169,000","1,311,230","66","7.80","3","7.85","1","49,601,237","8.58","7.02"
"5312","寶島科","65.00","+0.20","64.70","65.10","64.60","18,000","1,166,900","17","65.00","1","65.20","3","60,059,898","71.50","58.50"
"5314","世紀","5.09","+0.01","5.02","5.58","4.61","47,000","241,020","34","5.10","10","5.57","1","60,000,000","5.59","4.59"
"5315","光聯","13.80","+0.05","13.75","13.80","13.70","157,000","2,158,200","51","13.80","8","13.85","11","106,351,832","15.15","12.45"
"5321","友銓","35.20","-1.75","36.65","36.65","34.40","288,000","10,062,300","201","34.95","1","35.30","1","34,973,195","38.70","31.70"
"5324","士開","7.95","+0.16","7.85","7.97","7.85","305,000","2,418,680","64","7.93","8","7.95","52","136,379,090","8.74","7.16"
"5328","華容","8.26","+0.25","8.15","8.35","8.15","583,000","4,796,850","241","8.26","5","8.30","5","172,710,724","9.08","7.44"
"5340","建榮","39.95","+1.25","39.50","39.95","39.00","372,000","14,649,850","218","39.90","11","39.95","4","194,893,964","43.90","36.00"
"5344","立衛","10.25","+0.10","10.25","10.35","10.15","176,000","1,803,800","59","10.25","1","10.30","1","79,447,460","11.25","9.23"
"5345","天揚","9.63","+0.87","9.63","9.63","9.63","53,000","510,390","26","9.63","315","0.00","0","45,000,000","10.55","8.67"
"5347","世界","77.00","+1.00","76.50","77.30","75.80","5,104,000","392,194,200","2,400","77.00","28","77.10","47","1,638,982,267","84.70","69.30"
"5348","系通","6.49","+0.05","6.30","6.49","6.27","23,000","145,670","15","6.29","7","6.49","3","25,950,310","7.13","5.85"
"5349","先豐","24.55","+0.30","24.55","24.80","24.45","790,000","19,412,050","346","24.55","1","24.60","34","224,096,373","27.00","22.10"
"5351","鈺創","7.99","-0.11","8.00","8.08","7.83","3,192,000","25,328,170","1,236","7.99","4","8.00","5","435,239,837","8.78","7.20"
"5353","台林","18.10","+0.10","18.15","18.15","18.00","115,000","2,076,350","50","18.10","6","18.15","7","75,000,000","19.90","16.30"
"5355","佳總","4.18","+0.06","4.14","4.23","4.05","344,000","1,413,110","87","4.07","10","4.19","1","166,122,792","4.59","3.77"
"5356","協益","29.45","+0.05","29.20","29.65","29.20","63,000","1,850,500","45","29.40","2","29.45","16","103,040,000","32.35","26.55"
"5364","力麗店","19.90","+1.80","18.10","19.90","16.80","125,000","2,315,550","71","19.90","41","0.00","0","14,099,940","21.85","17.95"
"5371","中光電","31.50","+0.20","31.45","31.60","31.40","698,000","21,972,250","355","31.50","10","31.55","15","434,423,110","34.65","28.35"
"5381","合正","3.45","-0.01","3.61","3.61","3.45","89,000","315,800","20","3.44","3","3.64","2","180,156,837","3.79","3.11"
"5383","金利","23.60","-0.10","23.85","24.10","23.00","318,000","7,456,050","184","23.45","4","23.70","3","79,400,399","25.95","21.25"
"5386","青雲","30.05","+0.35","29.65","30.10","29.65","140,000","4,181,550","105","30.00","2","30.05","1","22,474,972","33.05","27.05"
"5392","應華","24.25","+0.75","23.95","24.80","23.65","707,000","17,233,250","310","24.25","7","24.35","1","166,631,363","26.65","21.85"
"5398","慕康生醫","25.00","+0.45","24.60","25.60","24.60","87,000","2,180,850","55","25.00","23","25.20","2","49,950,460","27.50","22.50"
"5403","中菲","56.20","+0.60","56.80","57.20","56.20","282,000","15,977,800","186","56.20","5","56.40","4","62,630,041","61.80","50.60"
"5410","國眾","21.45","+0.05","21.50","21.50","21.35","218,000","4,673,400","135","21.40","14","21.45","7","85,900,123","23.55","19.35"
"5425","台半","41.30","+0.50","41.30","41.75","41.00","1,115,000","45,916,300","762","41.30","7","41.40","11","249,453,965","45.40","37.20"
"5426","振發","10.65","0.00","10.60","10.80","10.60","104,000","1,112,000","60","10.65","4","10.70","8","143,800,000","11.70","9.59"
"5432","達威","16.10","+0.25","15.85","16.15","15.85","82,000","1,311,250","31","15.90","1","16.10","4","20,687,804","17.70","14.50"
"5438","東友","12.00","+0.20","11.80","12.00","11.80","56,000","668,400","34","11.90","1","12.00","32","112,536,565","13.20","10.80"
"5439","高技","49.65","+0.50","49.35","49.90","49.35","759,000","37,644,800","373","49.65","2","49.70","20","85,975,752","54.60","44.70"
"5443","均豪","19.20","+0.15","18.85","19.25","18.85","232,000","4,441,700","108","19.15","4","19.20","1","165,136,144","21.10","17.30"
"5450","寶聯通","14.25","0.00","14.65","14.65","13.75","51,000","711,150","29","13.85","10","14.25","1","122,392,250","15.65","12.85"
"5452","佶優","6.38","0.00","6.43","6.44","6.34","143,000","916,190","55","6.38","2","6.45","12","148,763,669","7.01","5.75"
"5455","昇益","18.10","+0.10","17.10","18.10","17.10","4,000","69,400","4","17.05","1","18.15","1","65,501,813","19.90","16.30"
"5457","宣德","85.10","+2.60","84.00","85.10","83.00","2,800,000","235,662,300","1,727","85.00","6","85.10","22","169,585,000","93.60","76.60"
"5460","同協","11.00","+0.05","10.95","11.00","10.90","90,000","982,900","28","10.95","3","11.00","26","61,227,230","12.10","9.90"
"5464","霖宏","11.45","+0.15","11.30","11.45","11.30","53,000","601,200","40","11.35","3","11.45","2","71,071,490","12.55","10.35"
"5465","富驊","16.15","+0.25","16.20","16.30","15.95","143,000","2,298,350","79","16.05","1","16.15","2","164,091,811","17.75","14.55"
"5468","凱鈺","10.70","+0.40","10.70","10.70","10.70","2,000","21,400","1","10.35","2","10.90","3","19,822,909","11.75","9.63"
"5474","聰泰","144.00","+4.00","140.00","145.50","137.00","2,273,000","322,249,000","1,828","143.50","7","144.00","3","33,729,787","158.00","130.00"
"5475","德宏","2.10","-0.01","2.11","2.11","2.10","46,000","96,760","13","2.09","5","2.10","10","181,610,024","2.31","1.89"
"5478","智冠","104.00","+2.00","104.50","107.00","102.50","919,000","95,961,000","670","103.50","18","104.00","8","127,474,332","114.00","93.60"
"5481","新華","12.30","+0.50","11.80","12.40","11.80","117,000","1,427,350","58","12.20","2","12.30","4","74,693,891","13.50","11.10"
"5483","中美晶","92.10","+1.60","91.60","92.20","91.20","5,024,000","461,423,500","3,199","92.10","59","92.20","84","586,221,651","101.00","82.90"
"5487","通泰","29.40","+0.30","29.25","29.50","29.25","5,000","147,050","5","29.35","2","29.80","2","23,636,516","32.30","26.50"
"5488","松普","5.72","+0.24","5.57","5.85","5.51","218,000","1,235,240","80","5.71","7","5.72","2","91,586,124","6.29","5.15"
"5489","彩富","32.15","-0.05","32.20","32.20","32.10","12,000","385,600","6","32.15","1","32.20","48","102,706,441","35.35","28.95"
"5490","同亨","26.15","+0.10","26.20","26.65","26.10","293,000","7,716,600","169","26.10","11","26.15","6","95,826,601","28.75","23.55"
"5493","三聯","40.30","+0.05","40.35","40.70","40.25","50,000","2,022,500","38","40.30","4","40.50","3","44,264,695","44.30","36.30"
"5498","凱崴","11.50","+0.20","11.45","11.60","11.35","684,000","7,817,950","249","11.45","1","11.50","47","164,823,912","12.65","10.35"
"5508","永信建","33.20","+0.40","32.80","33.20","32.80","116,000","3,839,800","53","33.10","2","33.20","1","217,428,133","36.50","29.90"
"5511","德昌","30.05","+0.05","30.00","30.10","30.00","121,000","3,636,650","57","30.00","28","30.10","26","113,440,000","33.05","27.05"
"5512","力麒","9.82","+0.13","9.74","9.85","9.69","1,200,000","11,734,060","310","9.80","50","9.82","9","743,992,712","10.80","8.84"
"5514","三豐","19.60","-0.15","19.75","19.75","19.50","27,000","528,300","13","19.35","3","19.65","2","176,643,300","21.55","17.65"
"5516","雙喜","15.85","-0.05","15.50","15.85","15.50","10,000","156,500","8","15.50","3","15.80","2","38,295,000","17.40","14.30"
"5520","力泰","38.40","-0.50","38.55","38.65","38.40","7,000","269,950","7","38.20","1","38.70","1","60,315,245","42.20","34.60"
"5523","豐謙","11.25","+0.10","11.15","11.25","11.00","73,000","810,900","24","11.10","2","11.25","6","155,001,464","12.35","10.15"
"5529","志嘉","6.25","-0.09","6.34","6.34","6.20","158,000","982,940","48","6.24","1","6.25","7","88,432,849","6.87","5.63"
"5530","龍巖","57.80","+0.20","57.80","58.10","57.80","112,000","6,484,000","77","57.80","3","58.10","10","420,084,199","63.50","52.10"
"5536","聖暉","211.00","+2.00","210.00","211.50","210.00","209,000","44,026,500","169","211.00","4","211.50","11","54,186,742","232.00","190.00"
"5543","崇佑-KY","21.25","+0.10","20.90","21.25","20.80","11,000","231,250","9","21.30","2","21.50","1","35,699,996","23.35","19.15"
"5601","台聯櫃","----","---","----","----","----","0","0","0","24.10","1","25.60","3","64,800,000","28.15","23.05"
"5603","陸海","9.36","-0.04","9.41","9.55","9.33","257,000","2,406,930","64","9.35","5","9.39","2","78,324,575","10.25","8.43"
"5604","中連貨","71.80","+0.50","71.60","73.00","71.60","275,000","19,815,600","231","71.80","3","71.90","1","108,782,968","78.90","64.70"
"5609","中菲行","37.80","+0.55","40.85","40.85","37.30","9,178,000","352,691,700","4,948","37.70","20","37.80","29","126,000,000","41.55","34.05"
"5701","劍湖山","3.33","+0.30","2.74","3.33","2.74","11,575,000","33,806,530","1,142","3.33","1,905","0.00","0","253,756,957","3.66","3.00"
"5703","亞都","22.50","+0.30","22.10","22.50","22.10","4,000","89,200","4","22.50","8","23.65","1","70,239,594","24.75","20.25"
"5704","老爺知","29.10","-0.05","29.80","29.80","28.85","38,000","1,115,400","28","29.00","8","29.40","2","38,861,658","32.00","26.20"
"5820","日盛金","9.59","+0.02","9.58","9.61","9.56","1,952,000","18,701,690","659","9.57","15","9.59","14","3,711,819,741","10.50","8.64"
"5864","致和證","8.22","+0.14","8.20","8.23","8.18","55,000","451,530","32","8.17","2","8.22","1","237,490,422","9.04","7.40"
"5878","台名","45.70","0.00","46.00","46.00","45.30","6,000","273,300","6","45.70","2","45.80","1","25,024,303","50.20","41.15"
"5902","德記","11.70","+0.20","11.60","12.00","11.60","22,000","261,450","13","11.70","2","11.95","2","94,500,000","12.85","10.55"
"5903","全家","241.00","+2.00","239.50","245.00","239.50","55,000","13,312,500","54","242.00","3","244.00","6","223,220,000","265.00","217.00"
"5904","寶雅","589.00","+17.00","573.00","590.00","573.00","129,000","75,270,000","127","587.00","2","589.00","2","97,685,031","647.00","531.00"
"5905","南仁湖","11.50","+0.20","11.30","11.65","11.30","1,130,000","12,974,800","429","11.45","16","11.50","31","189,816,957","12.65","10.35"
"6015","宏遠證","6.40","+0.13","6.30","6.42","6.30","159,000","1,012,800","48","6.40","13","6.42","11","338,200,775","7.04","5.76"
"6016","康和證","7.40","+0.10","7.33","7.41","7.30","571,000","4,202,000","129","7.40","3","7.41","11","590,322,726","8.14","6.66"
"6020","大展證","12.30","0.00","12.40","12.40","12.30","6,000","74,000","2","12.30","1","12.40","3","252,353,154","13.50","11.10"
"6021","大慶證","14.75","0.00","14.75","14.75","14.60","37,000","545,450","9","14.65","30","14.75","7","306,755,974","16.20","13.30"
"6023","元大期","55.10","+0.10","55.20","55.50","55.10","153,000","8,447,400","114","55.10","8","55.30","7","249,976,288","60.60","49.60"
"6026","福邦證","8.95","+0.06","8.96","9.00","8.93","354,000","3,168,730","133","8.94","14","8.95","70","245,747,500","9.84","8.06"
"6101","寬魚國際","30.90","+0.50","30.40","31.00","30.10","35,000","1,066,850","25","30.50","5","30.95","1","116,422,371","33.95","27.85"
"6103","合邦","8.60","+0.52","8.08","8.60","8.08","3,000","25,280","3","0.00","0","8.60","1","57,084,974","9.46","7.74"
"6104","創惟","48.60","+0.80","48.55","49.25","48.20","2,425,000","118,059,600","1,338","48.60","14","48.65","10","90,818,184","53.40","43.75"
"6109","亞元","10.05","0.00","10.10","10.10","10.00","23,000","231,350","14","10.00","26","10.10","10","57,400,414","11.05","9.05"
"6111","大宇資","76.80","+2.70","76.20","77.50","75.10","854,000","65,311,700","669","76.60","1","76.80","4","49,288,530","84.40","69.20"
"6113","亞矽","5.94","+0.07","5.80","6.06","5.73","127,000","747,060","65","5.83","1","5.94","6","50,047,100","6.53","5.35"
"6114","久威","25.00","+0.40","24.60","25.00","24.60","40,000","994,800","31","24.95","9","25.00","8","43,911,937","27.50","22.50"
"6118","建達","8.92","+0.01","9.05","9.06","8.91","138,000","1,237,820","69","8.94","1","9.03","8","90,889,573","9.81","8.03"
"6121","新普","324.50","+4.50","323.00","324.50","319.00","1,114,000","357,894,500","965","323.00","7","324.50","8","184,970,519","356.50","292.50"
"6122","擎邦","13.60","+0.05","13.70","13.70","13.60","135,000","1,839,450","82","13.60","16","13.65","3","68,729,089","14.95","12.25"
"6123","上奇","40.00","0.00","40.00","40.20","39.95","99,000","3,963,650","56","40.00","5","40.05","1","59,037,430","44.00","36.00"
"6124","業強","30.80","+0.25","30.80","31.30","30.40","39,000","1,201,400","32","30.75","2","30.95","2","182,479,945","33.85","27.75"
"6125","廣運","17.10","+0.15","17.15","17.30","17.05","1,946,000","33,410,050","773","17.10","61","17.15","4","249,011,150","18.80","15.40"
"6126","信音","16.15","+0.25","16.05","16.30","16.05","735,000","11,868,950","288","16.15","4","16.20","27","126,839,587","17.75","14.55"
"6127","九豪","17.40","+0.40","17.20","17.80","17.20","2,877,000","50,282,200","1,169","17.40","39","17.45","7","108,079,751","19.10","15.70"
"6129","普誠","5.99","+0.22","5.90","6.07","5.78","243,000","1,432,970","107","5.99","1","6.02","1","180,943,675","6.58","5.40"
"6130","星寶國際","27.60","+0.05","27.60","27.80","27.60","20,000","553,250","15","27.35","1","27.60","2","29,100,000","30.35","24.85"
"6134","萬旭","7.90","+0.71","7.43","7.90","7.42","587,000","4,585,660","161","7.90","136","0.00","0","94,270,574","8.69","7.11"
"6138","茂達","79.80","+0.90","81.00","81.00","79.20","1,376,000","109,872,400","1,013","79.70","9","79.80","9","73,083,000","87.70","71.90"
"6140","訊達","13.65","-0.20","13.50","14.30","13.20","889,000","12,077,600","465","13.45","4","13.65","6","38,367,906","15.00","12.30"
"6143","振曜","39.40","+1.45","40.00","40.00","39.20","491,000","19,439,400","344","39.35","10","39.40","13","83,006,897","43.30","35.50"
"6144","得利影","6.16","0.00","6.29","6.29","5.86","9,000","53,920","8","5.91","4","6.16","2","73,117,806","6.77","5.55"
"6146","耕興","227.00","+10.00","221.00","229.00","221.00","146,000","32,999,500","137","227.00","3","228.00","5","92,396,553","249.50","204.50"
"6147","頎邦","61.90","+0.90","62.10","62.20","61.50","5,936,000","367,391,600","3,287","61.90","41","62.00","292","654,261,998","68.00","55.80"
"6148","驊宏資","10.10","-0.05","10.15","10.20","10.05","55,000","555,750","28","10.10","1","10.15","13","47,000,000","11.10","9.09"
"6150","撼訊","51.70","+1.30","51.00","51.90","50.80","1,301,000","66,837,700","696","51.60","7","51.70","3","33,290,460","56.80","46.55"
"6151","晉倫","21.95","+0.05","21.90","22.10","21.80","220,000","4,822,650","109","21.95","2","22.00","13","55,257,300","24.10","19.80"
"6154","順發","14.30","+0.75","13.45","14.70","13.25","297,000","4,152,150","145","14.30","5","14.35","4","80,080,000","15.70","12.90"
"6156","松上","14.10","+0.80","13.35","14.60","13.35","2,821,000","40,515,550","883","14.10","68","14.20","23","81,511,609","15.50","12.70"
"6158","禾昌","23.90","+0.70","23.40","24.30","23.20","78,000","1,855,800","58","23.75","1","23.90","4","52,669,488","26.25","21.55"
"6160","欣技","11.60","+0.20","11.45","11.65","11.30","34,000","390,300","23","11.50","12","11.60","1","68,489,120","12.75","10.45"
"6161","捷波","18.25","+0.25","18.20","18.25","18.00","207,000","3,756,100","86","18.25","5","18.30","8","78,983,303","20.05","16.45"
"6163","華電網","15.25","+0.15","15.20","15.30","15.10","232,000","3,531,200","120","15.20","17","15.25","8","122,881,692","16.75","13.75"
"6167","久正","6.90","+0.12","6.92","6.98","6.82","152,000","1,049,330","46","6.86","2","6.90","16","162,173,221","7.59","6.21"
"6169","昱泉","43.50","+1.10","46.60","46.60","42.40","615,000","27,432,450","403","43.00","5","43.50","8","23,394,960","47.85","39.15"
"6170","統振","18.05","+0.75","17.70","18.40","17.45","3,096,000","55,663,650","1,213","18.05","1","18.10","54","89,670,038","19.85","16.25"
"6171","亞銳士","21.85","+0.20","21.75","21.85","21.70","43,000","936,900","32","21.75","1","21.90","6","75,351,921","24.00","19.70"
"6173","信昌電","56.00","+1.50","55.50","56.30","55.10","1,519,000","84,584,600","1,049","56.00","1","56.10","24","172,000,000","61.60","50.40"
"6174","安碁","11.30","+0.20","11.40","11.40","11.20","23,000","259,300","13","11.30","3","11.40","9","50,000,000","12.40","10.20"
"6175","立敦","19.25","+0.30","19.30","19.60","19.20","278,000","5,377,800","167","19.25","9","19.35","8","136,363,516","21.15","17.35"
"6179","亞通","34.40","+0.10","34.30","34.65","34.10","209,000","7,184,650","112","34.30","2","34.45","5","74,146,731","37.80","31.00"
"6180","橘子","64.80","+0.60","65.30","65.70","64.60","3,028,000","197,170,800","1,959","64.70","51","64.80","86","175,493,573","71.20","58.40"
"6182","合晶","33.95","+0.65","33.70","34.45","33.50","8,941,000","303,996,500","4,377","33.95","26","34.00","80","510,898,436","37.30","30.60"
"6185","幃翔","16.30","+0.25","16.20","16.35","16.00","404,000","6,542,350","176","16.25","8","16.35","38","149,867,531","17.90","14.70"
"6186","新潤","30.00","+0.50","29.70","30.10","29.70","561,000","16,798,250","269","29.95","16","30.00","17","100,034,408","33.00","27.00"
"6187","萬潤","41.50","+0.40","41.80","42.10","41.35","114,000","4,754,050","79","41.50","6","41.60","4","83,323,902","45.65","37.35"
"6188","廣明","25.60","+1.60","25.35","26.10","24.75","14,540,000","368,707,600","7,154","25.60","12","25.65","49","278,358,910","28.15","23.05"
"6190","萬泰科","15.65","+0.05","15.60","15.75","15.60","467,000","7,304,950","169","15.60","28","15.65","4","140,368,537","17.20","14.10"
"6194","育富","25.15","+0.10","25.20","25.25","25.05","75,000","1,885,950","32","25.05","8","25.15","6","60,000,000","27.65","22.65"
"6195","詩肯","34.00","0.00","34.00","34.50","33.80","50,000","1,703,250","34","34.00","1","34.10","2","46,133,227","37.40","30.60"
"6198","凌泰","12.30","+0.15","12.15","12.30","12.15","22,000","269,850","18","12.30","5","12.95","1","20,135,350","13.50","11.10"
"6199","天品","----","---","----","----","----","0","0","0","11.60","1","11.90","1","61,760,018","12.80","10.50"
"006201","元大富櫃50","14.25","+0.27","14.15","14.25","14.15","67,000","952,390","42","14.25","30","14.26","1","19,946,000","15.67","12.83"
"6203","海韻電","57.60","+1.10","57.90","58.40","57.00","741,000","42,727,500","469","57.60","6","57.70","1","79,953,277","63.30","51.90"
"6204","艾華","26.90","+0.30","26.40","27.00","26.40","36,000","970,150","21","26.90","3","27.10","1","23,102,080","29.55","24.25"
"6207","雷科","23.65","+0.35","23.35","23.80","23.35","133,000","3,151,000","79","23.60","1","23.80","2","83,954,589","26.00","21.30"
"6208","日揚","30.70","-0.20","31.05","31.35","30.00","4,309,000","131,740,900","2,262","30.60","12","30.70","15","103,993,565","33.75","27.65"
"6210","慶生","45.55","+0.45","45.95","46.00","45.40","69,000","3,156,050","47","45.50","3","45.65","1","35,048,000","50.10","41.00"
"6212","理銘","47.50","+0.70","47.50","47.50","47.50","5,000","237,500","4","46.30","1","47.50","1","102,000,000","52.20","42.75"
"6217","中探針","30.10","+0.25","30.00","30.30","29.90","195,000","5,857,000","143","30.05","1","30.10","25","65,249,685","33.10","27.10"
"6218","豪勉","20.45","+0.45","20.05","20.45","20.00","74,000","1,489,850","38","20.20","3","20.45","4","64,262,000","22.45","18.45"
"6219","富旺","13.60","+0.10","13.15","13.60","13.15","2,731,000","36,472,950","316","13.55","4","13.60","78","154,016,276","14.95","12.25"
"6220","岳豐","19.55","+0.35","19.40","19.70","19.40","96,000","1,874,850","64","19.45","7","19.55","2","124,554,488","21.50","17.60"
"6221","晉泰","61.20","+0.20","61.80","62.00","61.10","240,000","14,743,200","153","61.10","9","61.40","1","45,362,153","67.30","55.10"
"6222","上揚","12.80","+0.30","12.70","12.85","12.50","47,000","599,200","26","12.75","1","12.85","2","34,588,878","14.05","11.55"
"6223","旺矽","81.70","+2.80","79.80","82.50","79.30","3,271,000","266,130,500","2,088","81.60","8","81.70","8","79,958,726","89.80","73.60"
"6227","茂綸","22.85","+0.15","23.15","23.20","22.70","397,000","9,098,050","202","22.80","20","22.85","1","76,111,786","25.10","20.60"
"6228","全譜","6.21","+0.04","6.44","6.44","6.21","18,000","114,230","12","6.20","2","6.21","1","32,000,000","6.83","5.59"
"6229","研通","14.00","+0.25","13.85","14.10","13.85","71,000","992,000","45","14.00","1","14.05","6","36,087,700","15.40","12.60"
"6231","系微","91.80","+8.30","86.00","91.80","85.50","4,288,000","384,689,800","3,044","91.80","1,491","0.00","0","38,043,488","100.50","82.70"
"6233","旺玖","10.55","+0.10","10.60","10.75","10.45","459,000","4,857,100","172","10.50","27","10.55","48","82,368,896","11.60","9.50"
"6234","高僑","26.25","+0.50","25.90","26.45","25.75","283,000","7,415,100","219","26.25","6","26.40","19","92,864,383","28.85","23.65"
"6236","康呈","7.52","+0.31","7.50","7.52","7.50","2,000","15,020","2","7.50","3","7.93","3","31,654,039","8.27","6.77"
"6237","驊訊","32.25","+2.90","30.30","32.25","28.60","10,819,000","338,869,900","5,625","32.25","67","0.00","0","79,034,371","35.45","29.05"
"6240","松崗","14.20","+0.35","13.85","14.25","13.85","5,000","70,400","4","13.95","1","14.15","2","23,098,370","15.60","12.80"
"6241","易通展","12.25","+0.60","11.80","12.65","11.80","28,000","345,150","20","12.00","3","12.25","2","23,717,288","13.45","11.05"
"6242","立康","36.15","+0.10","36.15","36.20","36.10","6,000","216,950","6","36.10","1","36.95","1","22,200,000","39.75","32.55"
"6244","茂迪","7.11","-0.06","7.17","7.20","7.09","1,466,000","10,454,730","475","7.11","21","7.12","2","540,451,408","7.82","6.40"
"6245","立端","58.70","+0.50","58.60","59.10","58.20","266,000","15,605,400","180","58.70","7","58.80","1","118,180,438","64.50","52.90"
"6246","臺龍","8.46","-0.34","8.90","8.90","8.37","101,000","866,880","69","8.44","1","8.61","1","30,757,145","9.30","7.62"
"6247","淇譽電","----","---","----","----","----","0","0","0","9.23","3","9.50","1","60,321,000","10.25","8.43"
"6248","沛波","27.25","+0.05","27.25","27.25","27.25","1,000","27,250","1","27.25","1","27.50","4","30,675,184","29.95","24.55"
"6259","百徽","2.07","-0.02","2.10","2.10","2.07","77,000","160,690","14","2.06","10","2.09","2","111,336,430","2.27","1.87"
"6261","久元","62.20","+0.60","62.40","63.40","62.00","2,577,000","161,641,500","1,788","62.20","6","62.30","2","128,497,989","68.40","56.00"
"6263","普萊德","65.00","+0.40","64.60","65.10","64.60","55,000","3,571,700","36","64.70","3","65.00","3","62,500,964","71.50","58.50"
"6264","富裔","5.79","+0.06","5.79","5.80","5.70","68,000","391,250","18","5.73","1","5.79","45","116,355,291","6.36","5.22"
"6265","方土昶","6.01","+0.07","6.00","6.01","5.95","187,000","1,117,950","61","5.98","5","6.01","8","118,172,151","6.61","5.41"
"6266","泰詠","19.20","+0.10","19.35","19.40","19.20","261,000","5,028,850","133","19.20","39","19.30","25","98,946,203","21.10","17.30"
"6270","倍微","19.15","+0.50","19.00","19.40","18.85","921,000","17,640,750","462","19.15","5","19.20","11","72,145,759","21.05","17.25"
"6274","台燿","150.00","+5.50","150.00","151.00","146.50","4,889,000","729,291,000","3,204","149.50","7","150.00","94","265,219,449","165.00","135.00"
"6275","元山","17.00","+0.35","16.65","17.30","16.65","427,000","7,243,600","130","16.90","15","17.00","44","69,786,925","18.70","15.30"
"6276","安鈦克","20.95","+0.90","20.65","21.00","20.40","486,000","10,045,450","277","20.95","1","21.00","2","30,490,000","23.00","18.90"
"6279","胡連","88.10","+2.70","86.30","88.60","85.70","1,005,000","87,770,900","734","88.00","232","88.20","3","97,224,105","96.90","79.30"
"6284","佳邦","31.00","+1.05","30.60","31.30","30.40","474,000","14,626,400","312","31.00","2","31.05","21","140,180,341","34.10","27.90"
"6287","元隆","3.15","-0.25","3.32","3.37","3.15","119,000","377,970","26","3.13","18","3.15","9","438,145,590","3.46","2.84"
"6290","良維","56.70","+0.70","56.80","56.90","56.20","1,492,000","84,540,800","845","56.70","68","56.80","22","143,796,739","62.30","51.10"
"6291","沛亨","16.55","-1.40","17.40","17.60","16.55","14,000","242,500","14","16.45","2","16.90","1","27,000,000","18.20","14.90"
"6292","迅德","36.30","+0.15","36.30","36.45","36.20","69,000","2,507,250","43","36.25","3","36.30","1","46,900,712","39.90","32.70"
"6294","智基","112.50","+1.00","111.50","113.50","111.00","67,000","7,557,500","53","113.00","1","113.50","13","23,402,610","123.50","101.50"
"6404","通訊-KY","3.45","+0.17","3.32","3.50","3.32","41,000","137,790","17","3.31","3","3.45","6","37,368,000","3.79","3.11"
"6411","晶焱","84.30","+1.00","84.00","84.60","83.70","491,000","41,325,200","371","84.20","2","84.30","1","80,158,331","92.70","75.90"
"6417","韋僑","54.40","0.00","54.40","54.40","54.40","1,000","54,400","1","53.50","1","54.00","4","35,614,000","59.80","49.00"
"6418","詠昇","14.55","+0.15","14.55","14.60","14.55","12,000","174,650","3","14.45","1","14.50","1","34,522,000","16.00","13.10"
"6419","京晨科","14.00","+0.25","13.75","14.10","13.45","21,000","292,300","16","13.55","1","14.00","1","13,159,170","15.40","12.60"
"6425","易發","24.60","-0.30","24.85","24.85","24.45","33,000","811,300","23","24.60","1","24.70","1","42,537,000","27.05","22.15"
"6426","統新","135.00","+4.00","133.50","137.50","133.50","1,566,000","212,093,500","1,297","135.00","5","135.50","7","38,509,000","148.50","121.50"
"6432","今展科","28.50","+0.80","27.80","28.80","27.80","167,000","4,731,750","105","28.50","1","28.65","1","24,384,051","31.35","25.65"
"6435","大中","90.50","+2.20","91.00","91.10","89.50","236,000","21,289,200","167","90.50","1","90.70","1","33,063,000","99.50","81.50"
"6438","迅得","59.30","+0.80","59.50","60.00","59.20","260,000","15,487,800","176","59.30","7","59.50","7","60,300,000","65.20","53.40"
"6441","廣錠","80.70","+4.70","77.20","80.80","76.90","751,000","59,282,900","565","80.60","1","80.80","14","30,762,257","88.70","72.70"
"6446","藥華藥","116.00","+3.50","115.00","117.50","113.00","900,000","103,486,000","613","115.50","11","116.00","50","225,161,935","127.50","104.50"
"6457","紘康","61.70","+2.00","60.90","63.00","59.70","970,000","59,171,500","704","61.60","11","61.70","11","29,777,792","67.80","55.60"
"6461","益得","21.10","0.00","22.10","22.60","21.10","2,051,000","44,860,750","1,176","21.10","17","21.30","1","100,244,000","23.20","19.00"
"6462","神盾","194.00","+6.00","192.00","194.00","190.00","1,872,000","360,235,500","1,491","193.50","76","194.00","86","71,381,754","213.00","175.00"
"6465","威潤","38.00","+0.10","37.50","38.10","37.40","84,000","3,165,900","75","37.25","4","38.00","1","32,974,301","41.80","34.20"
"6469","大樹","86.00","+0.50","86.20","86.20","85.90","48,000","4,130,400","45","85.90","3","86.00","1","43,604,948","94.60","77.40"
"6470","宇智","44.65","+0.40","44.75","44.75","44.25","91,000","4,041,950","64","44.65","1","44.70","2","32,694,100","49.10","40.20"
"6472","保瑞","161.00","-2.50","165.00","165.50","161.00","443,000","72,139,500","386","161.00","22","162.00","1","41,627,249","177.00","145.00"
"6482","弘煜科","33.50","+1.00","32.50","33.50","32.10","14,000","453,200","13","32.05","1","33.70","1","17,148,440","36.85","30.15"
"6485","點序","25.60","+0.50","25.10","26.50","25.00","131,000","3,357,500","74","25.55","2","25.70","2","39,383,508","28.15","23.05"
"6486","互動","74.50","+0.50","74.20","74.60","74.20","112,000","8,335,200","93","74.40","7","74.50","1","36,944,000","81.90","67.10"
"6488","環球晶","390.00","+9.00","386.00","391.00","385.50","2,649,000","1,029,499,000","2,177","389.50","37","390.00","4","437,250,000","429.00","351.00"
"6492","生華科","112.50","-4.00","117.50","119.50","110.00","1,386,000","157,196,500","1,065","112.50","8","113.00","7","74,498,620","123.50","101.50"
"6494","九齊","32.95","0.00","33.00","33.00","32.85","176,000","5,798,600","113","32.95","4","33.00","3","31,559,690","36.20","29.70"
"6496","科懋","30.80","+0.30","31.35","31.35","30.70","54,000","1,666,100","43","30.70","2","30.80","2","46,667,000","33.85","27.75"
"6497","亞獅康-KY","5.34","-0.59","5.34","5.34","5.34","482,000","2,573,880","105","0.00","0","5.34","1,417","189,954,970","5.87","4.81"
"6499","益安","58.90","-0.20","59.10","60.00","57.60","61,000","3,587,600","53","58.30","2","59.10","2","66,495,159","64.70","53.10"
"6506","雙邦","17.90","+0.10","17.85","18.10","17.80","52,000","931,700","26","17.90","9","17.95","20","82,360,826","19.65","16.15"
"6508","惠光","32.60","+0.15","32.60","32.60","32.45","87,000","2,830,500","54","32.55","5","32.65","10","84,782,168","35.85","29.35"
"6509","聚和","20.05","-0.10","20.30","20.45","19.95","1,394,000","28,030,100","693","20.00","25","20.05","6","176,133,101","22.05","18.05"
"6510","精測","676.00","+21.00","668.00","686.00","663.00","1,320,000","889,331,000","1,247","676.00","3","677.00","6","32,789,022","743.00","609.00"
"6512","啟發電","13.60","-0.15","13.75","13.85","13.60","28,000","382,900","19","13.55","3","13.65","4","25,000,000","14.95","12.25"
"6514","芮特-KY","61.00","+0.40","61.00","61.50","60.90","60,000","3,672,500","48","61.00","4","61.40","10","30,015,382","67.10","54.90"
"6516","勤崴國際","82.60","+0.90","82.00","83.00","82.00","15,000","1,239,700","15","82.50","2","82.60","1","35,113,481","90.80","74.40"
"6523","達爾膚","63.70","+0.40","63.80","64.10","63.30","239,000","15,212,000","195","63.70","1","63.80","1","45,047,625","70.00","57.40"
"6527","明達醫","52.00","+0.20","51.40","52.10","51.40","33,000","1,714,200","29","51.90","1","52.00","1","24,276,000","57.20","46.80"
"6530","創威","18.00","0.00","18.20","18.30","17.90","148,000","2,666,800","60","18.00","2","18.05","4","33,750,000","19.80","16.20"
"6532","瑞耘","78.50","+7.10","73.00","78.50","72.60","3,691,000","281,247,900","2,287","78.50","2,035","0.00","0","31,626,725","86.30","70.70"
"6535","順藥","37.25","0.00","37.80","38.20","36.50","885,000","32,973,700","592","37.25","7","37.30","6","117,699,825","40.95","33.55"
"6538","倉和","256.50","+3.00","258.50","260.00","254.00","1,055,000","271,168,500","943","256.50","4","257.50","2","30,300,000","282.00","231.00"
"6542","隆中","57.00","-0.50","57.50","58.00","57.00","23,000","1,323,000","12","56.00","1","57.50","4","42,000,630","62.70","51.30"
"6547","高端疫苗","105.00","-1.00","109.00","110.00","103.00","6,915,000","735,970,500","4,740","105.00","11","105.50","57","186,716,750","115.50","94.50"
"6548","長科*","30.70","+0.30","30.55","30.75","30.40","226,000","6,911,100","136","30.60","7","30.70","6","364,131,050","33.75","27.65"
"6556","勝品","45.30","+0.30","45.80","45.80","45.00","8,000","361,900","8","45.20","1","46.00","3","28,750,000","49.80","40.80"
"6560","欣普羅","31.50","-0.20","31.90","31.90","31.00","37,000","1,151,200","21","31.00","6","31.50","1","17,492,846","34.65","28.35"
"6561","是方","390.00","+4.50","392.00","398.00","387.50","267,000","104,889,000","247","390.00","8","392.50","1","70,224,881","429.00","351.00"
"6568","宏觀","130.00","+3.50","126.50","130.00","126.50","29,000","3,745,000","28","128.50","1","130.00","3","25,100,900","143.00","117.00"
"6569","醫揚","171.00","+0.50","172.50","172.50","171.00","10,000","1,714,500","10","170.50","7","172.00","2","22,008,218","188.00","154.00"
"6570","維田","40.20","+1.50","39.10","40.80","38.80","66,000","2,624,950","52","39.20","1","40.20","3","27,104,664","44.20","36.20"
"6574","霈方","56.70","-0.20","57.10","57.10","56.10","9,000","507,900","8","56.10","1","56.60","1","21,990,000","62.30","51.10"
"6576","逸達","79.00","+4.60","74.90","81.70","73.10","2,013,000","157,480,200","1,461","79.00","8","79.10","3","100,388,651","86.90","71.10"
"6577","勁豐","79.60","+1.30","78.80","79.90","78.70","80,000","6,357,400","70","79.60","1","79.80","1","38,254,870","87.50","71.70"
"6578","達邦蛋白","20.25","+0.25","20.00","20.40","20.00","73,000","1,480,750","39","20.25","3","20.30","2","29,362,411","22.25","18.25"
"6589","台康生技","58.50","-1.80","61.40","61.40","58.30","6,547,000","388,763,600","4,411","58.50","70","58.60","21","204,329,075","64.30","52.70"
"6590","普鴻","53.50","-0.30","53.70","54.50","53.40","113,000","6,073,300","95","53.50","1","53.90","11","18,291,250","58.80","48.15"
"6593","台灣銘板","23.20","+0.10","23.00","23.20","22.95","5,000","115,450","5","23.00","1","23.20","3","20,170,901","25.50","20.90"
"6594","展匯科","24.35","+0.35","24.50","24.85","24.00","13,000","316,200","10","24.00","1","24.40","1","20,552,300","26.75","21.95"
"6596","寬宏藝術","55.90","+0.20","55.40","56.20","53.90","105,000","5,727,600","93","55.20","1","55.90","4","27,830,000","61.40","50.40"
"6603","富強鑫","9.08","0.00","9.06","9.14","9.00","109,000","987,600","40","9.02","9","9.08","3","148,708,517","9.98","8.18"
"6609","瀧澤科","26.15","0.00","26.15","26.15","26.00","25,000","651,550","21","26.10","2","26.15","2","72,456,246","28.75","23.55"
"6612","奈米醫材","73.70","+0.70","74.40","74.40","73.10","115,000","8,479,900","102","73.70","1","73.80","2","33,731,900","81.00","66.40"
"6613","朋億","153.50","+2.00","153.00","154.00","153.00","40,000","6,140,000","35","153.00","23","154.00","13","33,928,000","168.50","138.50"
"6615","慧智","68.40","-0.10","68.40","68.40","67.70","25,000","1,700,000","21","68.30","1","68.50","2","21,219,200","75.20","61.60"
"6616","特昇-KY","26.20","+0.20","26.50","26.50","25.90","12,000","312,700","11","26.05","1","26.25","2","23,625,000","28.80","23.60"
"6624","萬年清","38.70","-0.30","38.50","39.00","38.50","25,000","967,350","22","38.50","8","39.20","1","18,000,000","42.55","34.85"
"6629","泰金-KY","----","---","----","----","----","0","0","0","50.70","2","51.30","1","33,530,000","56.40","46.20"
"6640","均華","45.50","0.00","45.60","46.00","45.50","58,000","2,644,700","28","45.60","1","46.20","1","28,276,500","50.00","40.95"
"6642","富致","35.50","-0.25","35.70","35.70","35.50","15,000","534,100","11","35.50","1","35.65","1","31,399,662","39.05","31.95"
"6643","M31","316.00","+5.50","318.00","319.00","312.00","555,000","174,928,000","485","315.50","1","316.00","2","31,318,000","347.50","284.50"
"6649","台生材","29.90","+0.35","30.00","30.00","29.55","8,000","239,400","8","29.50","2","29.85","9","33,000,000","32.85","26.95"
"6654","天正國際","55.30","+0.10","55.50","56.50","54.60","39,000","2,165,300","33","54.60","2","55.30","3","33,102,720","60.80","49.80"
"6662","樂斯科","41.10","+0.20","40.90","41.65","40.60","29,000","1,186,450","24","41.00","2","41.25","1","25,612,400","45.20","37.00"
"6664","群翊","63.40","+0.90","62.70","63.40","62.70","44,000","2,777,200","39","63.40","1","63.50","2","55,000,000","69.70","57.10"
"6667","信紘科","67.10","+0.60","67.20","67.70","66.70","123,000","8,264,500","110","67.10","2","67.20","2","35,142,878","73.80","60.40"
"6679","鈺太","158.00","+7.00","153.00","162.50","153.00","3,249,000","518,904,000","2,302","158.00","23","158.50","1","41,273,335","173.50","142.50"
"6680","鑫創電子","64.50","-0.40","64.60","64.60","64.50","5,000","322,800","5","63.60","1","65.00","4","17,500,000","70.90","58.10"
"6683","雍智科技","239.00","+13.50","231.00","239.00","231.00","1,216,000","286,105,500","1,072","239.00","4","239.50","3","27,075,661","262.50","215.50"
"6690","安碁資訊","135.50","+5.50","130.00","136.00","130.00","119,000","15,919,500","114","135.00","5","135.50","4","16,339,600","149.00","122.00"
"6697","東捷資訊","45.30","+0.10","45.70","45.70","44.80","76,000","3,439,100","47","45.30","4","45.50","3","27,323,364","49.80","40.80"
"6716","應廣","71.70","+1.90","70.20","72.50","70.20","80,000","5,722,400","66","71.60","13","72.40","2","22,180,000","78.80","64.60"
"6732","昇佳電子","965.00","+60.00","937.00","970.00","919.00","1,264,000","1,197,608,000","1,204","964.00","2","965.00","8","41,356,348","1,060.00","869.00"
"6803","崑鼎","214.00","+1.00","215.00","215.50","214.00","22,000","4,729,000","18","214.50","2","215.00","11","67,105,148","235.00","193.00"
"7402","邑錡","36.00","+0.50","36.00","36.00","36.00","58,000","2,088,000","3","35.00","1","35.95","1","22,224,769","39.60","32.40"
"8024","佑華","9.08","+0.14","9.00","9.12","8.89","79,000","710,560","38","9.00","1","9.08","2","45,160,100","9.98","8.18"
"8027","鈦昇","50.00","+3.25","47.60","50.00","47.30","3,583,000","173,909,400","2,046","49.95","8","50.00","96","81,461,751","55.00","45.00"
"8032","光菱","23.00","+0.25","22.95","23.00","22.95","6,000","137,950","4","22.75","2","22.95","2","51,810,300","25.30","20.70"
"8034","榮群","24.00","+1.70","22.70","24.00","22.70","724,000","16,747,000","322","23.95","1","24.00","8","62,873,725","26.40","21.60"
"8038","長園科","30.90","0.00","31.00","31.55","30.85","442,000","13,752,000","245","30.85","8","30.90","65","59,814,190","33.95","27.85"
"8040","九暘","15.15","+0.10","15.30","15.50","15.15","451,000","6,898,800","206","15.10","21","15.15","1","67,216,074","16.65","13.65"
"8042","金山電","36.20","0.00","36.50","36.55","36.05","236,000","8,557,000","133","36.20","5","36.25","184","122,030,868","39.80","32.60"
"8043","蜜望實","24.75","+0.40","24.50","25.00","24.50","127,000","3,139,600","101","24.70","6","24.75","1","79,907,170","27.20","22.30"
"8044","網家","113.00","+1.00","115.50","116.00","112.50","1,001,000","113,913,000","764","113.00","28","113.50","13","117,159,446","124.00","102.00"
"8047","星雲","9.81","-0.19","9.91","9.98","9.61","48,000","471,170","24","9.66","1","9.81","3","41,666,343","10.75","8.83"
"8048","德勝","31.55","+0.25","31.50","31.55","31.15","207,000","6,491,350","117","31.50","4","31.55","10","53,264,938","34.70","28.40"
"8049","晶采","21.75","+0.15","21.70","21.80","21.70","368,000","8,005,600","207","21.75","19","21.80","35","118,279,808","23.90","19.60"
"8050","廣積","39.20","+0.20","39.05","39.30","38.85","109,000","4,259,600","82","39.10","11","39.25","1","177,099,773","43.10","35.30"
"8054","安國","13.05","+0.20","13.00","13.05","12.90","78,000","1,012,900","52","13.05","2","13.10","13","75,820,886","14.35","11.75"
"8059","凱碩","13.10","-0.15","13.30","13.35","13.10","171,000","2,256,300","93","13.10","23","13.20","10","188,618,000","14.40","11.80"
"8064","東捷","14.80","+0.10","14.70","14.95","14.70","400,000","5,935,800","156","14.80","9","14.90","44","164,817,836","16.25","13.35"
"8066","來思達","65.90","+0.20","66.30","66.40","65.80","123,000","8,116,400","95","65.90","3","66.00","5","30,152,304","72.40","59.40"
"8067","志旭","9.98","+0.39","10.25","10.25","9.98","20,000","203,190","13","9.05","2","9.99","5","25,000,000","10.95","8.99"
"8068","全達","25.30","0.00","25.30","25.30","25.30","3,000","75,900","2","25.00","1","25.30","4","68,659,992","27.80","22.80"
"8069","元太","38.75","+1.05","38.20","38.85","37.80","13,407,000","512,625,950","5,558","38.75","13","38.80","180","1,140,467,715","42.60","34.90"
"8071","能率網通","12.45","+0.05","12.65","12.65","12.45","101,000","1,264,100","52","12.45","3","12.50","3","51,854,283","13.65","11.25"
"8074","鉅橡","16.95","+0.10","16.90","16.95","16.80","67,000","1,130,400","34","16.85","6","16.95","3","86,501,956","18.60","15.30"
"8076","伍豐","29.60","+0.15","29.50","30.10","29.50","612,000","18,193,650","427","29.60","16","29.65","15","259,158,692","32.55","26.65"
"8077","洛碁","10.30","0.00","10.70","10.70","10.15","60,000","616,550","37","10.25","11","10.40","1","109,728,343","11.30","9.27"
"8080","永利聯合","2.94","+0.04","2.85","2.94","2.85","31,000","90,080","10","2.94","5","2.99","5","88,291,604","3.23","2.65"
"8083","瑞穎","169.50","0.00","169.50","170.00","168.50","66,000","11,176,000","59","168.50","6","169.50","2","35,133,193","186.00","153.00"
"8084","巨虹","52.00","+0.10","52.00","52.20","50.90","249,000","12,871,600","131","51.90","3","52.00","12","67,094,433","57.20","46.80"
"8085","福華","4.12","+0.03","4.09","4.16","4.05","189,000","774,250","61","4.11","15","4.12","6","157,257,242","4.53","3.71"
"8086","宏捷科","93.30","+3.40","91.60","93.30","91.40","4,830,000","447,333,100","3,299","93.20","9","93.30","59","154,716,123","102.50","84.00"
"8087","華鎂鑫","----","---","----","----","----","0","0","0","6.06","2","6.17","1","29,868,965","6.78","5.56"
"8088","品安","30.05","+1.15","29.30","30.15","29.25","2,225,000","66,472,700","1,073","30.00","33","30.05","16","60,921,749","33.05","27.05"
"8091","翔名","57.30","+1.30","56.50","57.70","56.10","120,000","6,851,800","96","57.30","5","57.40","2","44,686,364","63.00","51.60"
"8092","建暐","7.41","-0.10","7.49","7.54","7.41","34,000","254,720","12","7.38","1","7.47","3","38,850,616","8.15","6.67"
"8093","保銳","6.00","+0.23","5.76","6.26","5.76","422,000","2,532,750","136","5.99","2","6.00","88","64,208,493","6.60","5.40"
"8096","擎亞","12.25","+0.35","12.05","12.40","12.05","1,060,000","12,927,100","326","12.20","12","12.25","31","139,623,950","13.45","11.05"
"8097","常珵","12.45","+0.30","12.30","12.45","12.15","26,000","318,550","18","12.20","1","12.45","2","26,674,306","13.65","11.25"
"8099","大世科","23.90","+1.00","23.30","24.90","22.60","3,591,000","85,078,650","1,972","23.90","2","23.95","8","88,560,000","26.25","21.55"
"8107","大億金茂","16.00","+0.10","15.90","16.10","15.90","51,000","812,450","27","15.90","28","16.00","2","75,000,000","17.60","14.40"
"8109","博大","71.40","+0.10","72.00","72.00","71.30","34,000","2,436,800","27","71.30","9","71.80","5","72,609,404","78.50","64.30"
"8111","立碁","11.40","+0.85","10.60","11.60","10.30","10,196,000","114,589,550","3,157","11.35","23","11.40","5","109,102,223","12.50","10.30"
"8121","越峰","10.20","+0.10","10.35","10.40","10.05","208,000","2,125,700","68","10.20","9","10.30","4","182,993,743","11.20","9.18"
"8147","正淩","41.10","+0.15","41.10","42.30","41.00","200,000","8,300,850","140","41.10","1","41.20","1","30,527,656","45.20","37.00"
"8155","博智","146.00","+6.50","142.00","146.00","141.50","1,580,000","227,180,500","1,245","145.50","12","146.00","81","49,756,000","160.50","131.50"
"8171","天宇","14.85","+0.40","14.80","15.85","14.60","8,279,000","128,064,050","1,385","14.85","31","14.90","13","50,723,230","16.30","13.40"
"8176","智捷","8.66","+0.04","8.70","8.77","8.66","34,000","296,000","23","8.67","2","8.70","1","72,500,000","9.52","7.80"
"8182","加高","28.35","+0.65","28.30","28.70","28.10","725,000","20,619,550","423","28.35","13","28.45","2","107,041,215","31.15","25.55"
"8183","精星","17.60","+1.15","16.85","18.05","16.85","5,159,000","91,836,050","2,184","17.60","24","17.70","18","121,251,068","19.35","15.85"
"8234","新漢","22.95","+0.35","22.60","22.95","22.60","42,000","959,100","29","22.85","6","22.95","1","141,226,472","25.20","20.70"
"8240","華宏","24.60","+0.75","24.10","24.80","24.05","149,000","3,638,750","88","24.50","2","24.60","6","100,004,414","27.05","22.15"
"8255","朋程","85.30","+0.70","85.10","85.40","85.00","74,000","6,305,300","62","85.20","3","85.40","4","91,513,000","93.80","76.80"
"8277","商丞","6.02","+0.02","6.00","6.10","6.00","139,000","838,800","55","6.02","12","6.09","5","91,628,833","6.62","5.42"
"8279","生展","110.00","+0.50","111.00","111.00","110.00","7,000","772,000","6","110.00","3","111.00","4","27,100,851","121.00","99.00"
"8284","三竹","64.30","+1.00","63.80","65.20","63.80","162,000","10,460,800","118","64.20","2","64.40","1","46,342,000","70.70","57.90"
"8289","泰藝","11.50","+0.10","11.50","11.60","11.40","378,000","4,339,350","116","11.50","1","11.55","39","68,333,765","12.65","10.35"
"8291","尚茂","3.40","+0.07","3.40","3.40","3.40","10,000","34,000","1","3.00","6","3.40","74","76,024,000","3.74","3.06"
"8299","群聯","288.50","+6.00","285.00","288.50","285.00","1,797,000","515,490,500","1,318","288.00","35","288.50","25","197,073,993","317.00","260.00"
"8342","益張","57.00","+2.00","55.40","57.00","55.40","128,000","7,218,900","107","56.90","2","57.00","10","33,536,692","62.70","51.30"
"8349","恒耀","50.60","+0.20","50.40","51.00","50.10","112,000","5,670,900","82","50.60","1","50.90","18","116,382,966","55.60","45.55"
"8349A","恒耀甲特","43.55","+0.75","43.70","43.70","42.90","9,000","387,900","6","42.95","1","43.60","2","10,000,000","47.90","39.20"
"8354","冠好","18.30","+0.10","18.20","18.40","18.00","29,000","528,300","17","18.25","3","18.30","10","78,532,263","20.10","16.50"
"8358","金居","42.00","+0.80","41.70","42.10","41.65","3,471,000","145,486,350","1,736","41.95","24","42.00","107","252,588,000","46.20","37.80"
"8383","千附","38.60","+0.55","38.45","38.70","38.20","375,000","14,419,800","208","38.60","1","38.65","1","118,192,482","42.45","34.75"
"8390","金益鼎","19.60","-0.15","20.10","20.35","19.55","1,207,000","24,077,150","520","19.60","9","19.65","2","96,401,987","21.55","17.65"
"8401","白紗科","11.65","-0.15","11.80","11.80","11.55","38,000","442,200","19","11.65","6","11.70","1","62,729,680","12.80","10.50"
"8403","盛弘","41.40","+0.40","41.70","41.90","40.50","3,569,000","147,016,550","2,151","41.40","4","41.45","20","102,488,836","45.50","37.30"
"8406","金可-KY","148.50","+1.00","149.50","150.50","147.50","329,000","48,845,500","258","148.50","1","149.00","6","92,450,472","163.00","134.00"
"8409","商之器","23.35","+2.05","22.00","23.40","21.80","847,000","19,141,150","540","23.25","3","23.35","3","28,000,000","25.65","21.05"
"8410","森田","47.15","+0.10","47.30","48.55","47.05","1,299,000","61,991,700","724","47.15","10","47.20","11","36,589,200","51.80","42.45"
"8415","大國鋼","26.85","+0.15","26.90","26.90","26.65","25,000","669,300","16","26.75","8","26.85","7","1,031,500,000","29.50","24.20"
"8416","實威","115.50","+2.50","113.50","115.50","113.50","46,000","5,272,500","43","115.00","1","115.50","7","28,210,710","127.00","104.00"
"8418","捷必勝-KY","13.90","+0.15","13.85","13.90","13.85","2,000","27,750","2","13.60","2","13.90","2","78,359,000","15.25","12.55"
"8420","明揚","22.60","+0.05","22.55","22.85","22.55","9,000","204,150","7","22.60","2","22.80","3","50,990,000","24.85","20.35"
"8421","旭源","9.79","-0.01","9.81","9.89","9.79","79,000","775,130","35","9.78","6","9.80","9","54,817,140","10.75","8.82"
"8423","保綠-KY","17.45","+0.45","17.40","17.45","17.40","2,000","34,850","2","17.05","1","17.50","1","22,075,000","19.15","15.75"
"8424","惠普","55.00","+0.40","54.60","55.00","54.60","65,000","3,571,300","46","54.90","10","55.00","8","36,054,368","60.50","49.50"
"8426","紅木-KY","15.10","+0.20","15.45","15.45","15.00","63,000","960,600","48","15.10","1","15.30","2","50,242,500","16.60","13.60"
"8431","匯鑽科","53.00","+1.00","53.20","55.10","52.70","161,000","8,640,000","128","52.80","4","53.90","7","44,455,482","58.30","47.70"
"8432","東生華","67.80","+1.60","68.40","68.40","67.20","135,000","9,127,000","126","67.80","1","67.90","2","38,398,140","72.60","59.40"
"8433","弘帆","43.90","0.00","43.50","43.90","43.50","21,000","919,300","19","43.80","5","43.90","3","52,577,600","48.25","39.55"
"8435","鉅邁","51.00","+0.10","51.00","51.20","51.00","43,000","2,197,100","36","50.90","3","51.00","7","31,700,450","56.10","45.90"
"8436","大江","257.00","+1.00","260.00","260.50","255.00","884,000","227,324,000","771","257.00","30","257.50","3","119,617,169","282.50","231.50"
"8437","大地-KY","195.50","0.00","194.00","197.00","194.00","32,000","6,258,000","31","195.00","1","195.50","1","47,851,070","215.00","176.00"
"8440","綠電","12.60","+0.05","12.60","12.60","12.60","4,000","50,400","3","12.55","4","12.65","1","38,000,225","13.85","11.35"
"8444","綠河-KY","59.00","-0.10","59.00","59.20","58.60","15,000","885,400","13","59.10","1","59.90","1","73,770,300","64.90","53.10"
"8446","華研","107.00","-1.00","108.00","108.00","106.00","209,000","22,393,000","163","107.00","6","107.50","11","52,914,405","117.50","96.30"
"8450","霹靂","28.90","+0.30","28.60","29.10","28.60","61,000","1,758,200","38","28.90","11","28.95","4","51,309,947","31.75","26.05"
"8455","大拓-KY","19.90","-0.45","20.45","20.50","19.90","4,000","80,750","4","20.10","1","20.45","1","25,219,056","21.85","17.95"
"8472","夠麻吉","31.30","+0.30","31.25","31.30","31.05","22,000","685,350","18","31.30","1","31.35","1","18,338,800","34.40","28.20"
"8476","台境","22.40","+0.35","22.05","22.40","22.00","14,000","311,300","12","22.05","8","22.70","1","60,510,337","24.60","20.20"
"8477","創業家","45.65","+1.25","44.45","46.10","44.40","194,000","8,869,550","122","45.65","1","46.00","3","24,961,114","50.20","41.10"
"8489","三貝德","62.00","+1.40","61.90","62.30","61.50","125,000","7,751,700","103","61.90","1","62.00","1","37,752,414","68.20","55.80"
"8905","裕國","15.55","-0.25","15.70","15.70","15.30","353,000","5,473,800","181","15.50","5","15.60","39","119,440,000","17.10","14.00"
"8906","花王","15.40","-0.55","16.00","16.40","15.05","206,000","3,288,000","128","15.30","1","15.40","1","34,037,370","16.90","13.90"
"8908","欣雄","46.60","0.00","46.85","46.85","46.50","32,000","1,491,400","32","46.60","1","47.00","8","180,250,534","51.20","41.95"
"8916","光隆","42.20","+0.35","42.25","42.50","42.15","173,000","7,311,750","105","42.15","9","42.20","2","131,016,331","46.40","38.00"
"8916A","光隆甲特","52.60","+0.10","52.60","52.60","52.50","8,000","420,700","4","52.50","4","52.60","4","18,200,000","57.80","47.35"
"8917","欣泰","64.20","+1.70","63.00","64.30","63.00","18,000","1,151,800","16","63.70","1","64.50","5","122,203,200","70.60","57.80"
"8921","沈氏","13.30","0.00","13.30","13.30","13.30","1,000","13,300","1","13.30","2","13.50","1","46,592,159","14.60","12.00"
"8923","時報","15.50","0.00","15.55","15.55","15.50","4,000","62,100","3","15.50","7","15.60","1","30,375,800","17.05","13.95"
"8924","大田","38.50","+0.25","38.30","38.55","38.15","398,000","15,266,950","245","38.45","11","38.50","4","83,800,000","42.35","34.65"
"8927","北基","15.10","0.00","15.25","15.80","15.10","123,000","1,899,950","35","15.10","4","15.35","15","191,833,166","16.60","13.60"
"8928","鉅明","29.35","+0.25","29.10","29.35","29.00","81,000","2,365,650","56","29.15","5","29.35","2","50,854,015","32.25","26.45"
"8929","富堡","27.20","+0.40","27.35","27.40","26.85","102,000","2,771,250","67","27.00","2","27.20","2","50,580,862","29.90","24.50"
"8930","青鋼","12.00","0.00","12.05","12.15","12.00","70,000","843,750","27","12.00","20","12.15","17","80,669,406","13.20","10.80"
"8931","大汽電","29.70","-0.05","29.90","30.60","29.50","79,000","2,354,300","55","29.65","1","29.95","3","122,254,862","32.65","26.75"
"8932","宏大","12.85","+1.15","12.00","12.85","12.00","149,000","1,897,450","43","12.85","310","0.00","0","48,800,000","14.10","11.60"
"8933","愛地雅","10.35","+0.10","10.90","10.95","10.15","5,510,000","58,113,900","1,941","10.35","4","10.40","3","234,250,746","11.35","9.32"
"8934","衡平","----","---","----","----","----","0","0","0","33.00","3","36.55","1","8,510,511","36.65","30.05"
"8935","邦泰","8.29","+0.01","8.22","8.30","8.22","25,000","206,860","11","8.26","1","8.29","9","84,300,000","9.11","7.47"
"8936","國統","16.95","+0.05","16.90","17.10","16.90","380,000","6,449,500","117","16.95","30","17.00","5","249,224,157","18.60","15.30"
"8937","合騏","14.60","+0.15","14.45","14.60","14.45","16,000","232,000","5","14.35","5","14.55","1","72,478,800","16.05","13.15"
"8938","明安","33.40","+0.15","33.30","33.45","33.00","387,000","12,868,850","115","33.35","2","33.40","13","135,312,722","36.70","30.10"
"8941","關中","40.20","+0.20","40.00","40.25","39.55","12,000","478,350","12","39.75","1","39.90","1","27,645,907","44.20","36.20"
"8942","森鉅","54.70","+0.40","54.80","55.10","54.50","316,000","17,286,400","239","54.60","1","54.70","6","165,840,080","60.10","49.25"
"9949","琉園","13.25","0.00","13.40","13.40","13.10","15,000","199,650","9","12.85","2","13.20","1","47,033,360","14.55","11.95"
"9950","萬國通","9.51","0.00","9.53","9.70","9.50","108,000","1,027,640","33","9.51","7","9.60","10","147,716,000","10.45","8.56"
"9951","皇田","78.60","+0.90","78.70","80.10","78.00","590,000","46,399,800","467","78.50","19","78.70","1","74,900,000","86.40","70.80"
"9960","邁達康","27.45","+0.45","27.45","27.45","27.45","1,000","27,450","1","27.05","1","27.35","2","33,592,500","30.15","24.75"
"9962","有益","9.10","+0.20","8.90","9.18","8.90","43,000","390,060","23","9.10","5","9.14","3","90,220,260","10.00","8.19"
"020001","富邦存股雙十N","5.21","+0.09","5.18","5.24","5.18","212,000","1,105,930","28","5.21","100","5.23","101","40,000,000","5.73","4.69"
"020003","統一漲升股利150N","10.57","+0.17","10.55","10.57","10.55","5,000","52,810","2","10.57","390","10.58","394","20,000,000","11.62","9.52"
"020009","群益A50綠碳N","19.53","+0.20","19.53","19.53","19.53","1,000","19,530","1","19.53","168","19.54","168","10,000,000","9,999.95","0.01"
"020010","永昌富櫃200N","11.31","+0.14","11.27","11.31","11.27","236,000","2,664,410","13","11.31","108","11.32","102","20,000,000","12.44","10.18"
"020013","元富亞洲高股息N","----","---","----","----","----","0","0","0","12.93","300","12.95","300","20,000,000","9,999.95","0.01"
"020014","元大富櫃200N","5.23","+0.12","5.15","5.23","5.15","809,000","4,221,900","60","5.22","200","5.23","190","60,000,000","5.75","4.71"
"020017","永豐富櫃200N","5.09","+0.10","5.08","5.09","5.07","238,000","1,211,020","14","5.09","100","5.10","1","40,000,000","5.59","4.59"
共882筆