上櫃股票每日收盤行情(不含定價) 
產業類別:所有證券(不含權證、牛熊證) 
資料日期:111/02/06
共0筆